{
 "cells": [
  {
   "cell_type": "code",
   "execution_count": 18,
   "metadata": {},
   "outputs": [],
   "source": [
    "from qcportal import PortalClient\n",
    "from openff.toolkit.topology import Molecule\n",
    "from chargecraft.storage.qcarchive_transfer import QCArchiveToLocalDB\n",
    "import numpy as np\n",
    "import matplotlib.pyplot as plt\n",
    "from chargecraft.storage.storage import MoleculePropStore, MoleculePropRecord\n",
    "import pandas as pd\n",
    "import json\n",
    "from openff.units import unit\n",
    "from openff.units import unit\n",
    "import numpy as np\n",
    "import matplotlib\n",
    "\n",
    "AU_ESP = unit.atomic_unit_of_energy / unit.elementary_charge\n",
    "\n",
    "\n",
    "def assign_esp(monopoles : np.ndarray[float],\n",
    "               dipoles : np.ndarray[float],\n",
    "               quadropules : np.ndarray[float],\n",
    "               grid: unit.Quantity,\n",
    "               coordinates: unit.Quantity) -> list[float,float]:\n",
    "    \"\"\"Assign charges according to charge model selected\n",
    "\n",
    "    Parameters\n",
    "    ----------\n",
    "    ob_mol: generic python object depending on the charge model\n",
    "        Charge model appropriate python object on which to assign the charges\n",
    "\n",
    "    Returns\n",
    "    -------\n",
    "    partial_charges: list of partial charges \n",
    "    \"\"\"\n",
    "\n",
    "    #multipoles with correct units\n",
    "    monopoles_quantity = monopoles.to(unit.e)\n",
    "    dipoles_quantity = dipoles.to(unit.e*unit.angstrom)\n",
    "    quadropoles_quantity = quadropules.to(unit.e*unit.angstrom*unit.angstrom)\n",
    "    coordinates_ang = coordinates.to(unit.angstrom)\n",
    "    monopole_esp = calculate_esp_monopole_au(grid_coordinates=grid,\n",
    "                                        atom_coordinates=coordinates_ang,\n",
    "                                        charges = monopoles_quantity)\n",
    "    dipole_esp = calculate_esp_dipole_au(grid_coordinates=grid,\n",
    "                                    atom_coordinates=coordinates_ang,\n",
    "                                    dipoles= dipoles_quantity)\n",
    "    quadrupole_esp = calculate_esp_quadropole_au(grid_coordinates=grid,\n",
    "                                    atom_coordinates=coordinates_ang,\n",
    "                                    quadrupoles= quadropoles_quantity)\n",
    "    #NOTE: ESP units, hartree/e and grid units are angstrom\n",
    "    return (monopole_esp + dipole_esp + quadrupole_esp).m.flatten().tolist(), grid.m.tolist()\n",
    "\n",
    "\n",
    "def calculate_esp_monopole_au(\n",
    "    grid_coordinates: unit.Quantity,  # N x 3\n",
    "    atom_coordinates: unit.Quantity,  # M x 3\n",
    "    charges: unit.Quantity,  # M\n",
    "    ):\n",
    "    \"\"\"Generate the esp from the on atom monopole\n",
    "    \n",
    "    Parameters\n",
    "    ----------\n",
    "    grid_coordinates: unit.Quantity\n",
    "        grid on which to build the esp on \n",
    "\n",
    "    atom_coordinates: unit.Quantity\n",
    "        coordinates of atoms to build the esp  \n",
    "    \n",
    "    charges: unit.Quantity\n",
    "        monopole or charges\n",
    "\n",
    "    Returns\n",
    "    -------\n",
    "    monopole_esp: unit.Quantity\n",
    "        monopole esp\n",
    "    \"\"\"\n",
    "    #prefactor\n",
    "    ke = 1 / (4 * np.pi * unit.epsilon_0) # 1/vacuum_permittivity, 1/(e**2 * a0 *Eh)\n",
    "\n",
    "    #Ensure everything is in AU and correct dimensions\n",
    "    charges = charges.flatten()\n",
    "    grid_coordinates = grid_coordinates.reshape((-1, 3)).to(unit.bohr)  #Å to Bohr\n",
    "    atom_coordinates = atom_coordinates.reshape((-1, 3)).to(unit.bohr)    #Å to Bohr\n",
    "    #displacement and distance\n",
    "    displacement = grid_coordinates[:, None, :] - atom_coordinates[None, :, :]  # N x M x 3 B\n",
    "    distance = np.linalg.norm(displacement.m, axis=-1)*unit.bohr # N, M\n",
    "    inv_distance = 1 / distance  #N, M\n",
    "\n",
    "    esp = ke*np.sum(inv_distance * charges[None,:], axis=1)  # (N,M)*(1,M) -> (N,M) numpy broadcasts all charges. Over all atoms  =  Sum over M (atoms), resulting shape: (N,) charges broadcast over each N\n",
    "    # print('monopole esp')\n",
    "    # print(esp)\n",
    "    return esp.to(AU_ESP)\n",
    "\n",
    "def calculate_esp_dipole_au(\n",
    "    grid_coordinates: unit.Quantity,  # N , 3\n",
    "    atom_coordinates: unit.Quantity,  # M , 3\n",
    "    dipoles: unit.Quantity,  # M , 3       \n",
    "    ) -> unit.Quantity:\n",
    "    \"\"\"Generate the esp from the on atom dipoles\n",
    "    \n",
    "    Parameters\n",
    "    ----------\n",
    "    grid_coordinates: unit.Quantity\n",
    "        grid on which to build the esp on \n",
    "\n",
    "    atom_coordinates: unit.Quantity\n",
    "        coordinates of atoms to build the esp  \n",
    "    \n",
    "    dipoles: unit.Quantity\n",
    "        dipoles or charges\n",
    "\n",
    "    Returns\n",
    "    -------\n",
    "    dipoles_esp: unit.Quantity\n",
    "        monopole esp\n",
    "    \"\"\"\n",
    "\n",
    "    #prefactor\n",
    "    ke = 1 / (4 * np.pi * unit.epsilon_0) # 1/vacuum_permittivity, 1/(e**2 * a0 *Eh)\n",
    "\n",
    "    #Ensure everything is in AU\n",
    "    dipoles = dipoles.to(unit.e*unit.bohr)\n",
    "    grid_coordinates = grid_coordinates.reshape((-1, 3)).to(unit.bohr)  #Å to Bohr\n",
    "    atom_coordinates = atom_coordinates.reshape((-1, 3)).to(unit.bohr)    #Å to Bohr\n",
    "\n",
    "    displacement = grid_coordinates[:, None, :] - atom_coordinates[None, :, :]  # N , M , 3 \n",
    "    distance = np.linalg.norm(displacement.m, axis=-1)*unit.bohr # N, M \n",
    "    inv_distance_cubed = 1 / distance**3 #1/B\n",
    "    #Hadamard product for element-wise multiplication\n",
    "    dipole_dot = np.sum(displacement * dipoles[None,:,:], axis=-1) # dimless * e.a\n",
    "\n",
    "    esp = ke*np.sum(inv_distance_cubed* dipole_dot,axis=1) # e.a/a**2 \n",
    "    # print('dipole esp')\n",
    "    # print(esp)\n",
    "    return esp.to(AU_ESP)\n",
    "\n",
    "def calculate_esp_quadropole_au(\n",
    "    grid_coordinates: unit.Quantity,  # N x 3\n",
    "    atom_coordinates: unit.Quantity,  # M x 3\n",
    "    quadrupoles: unit.Quantity,  # M 3 3\n",
    "    ) -> unit.Quantity:\n",
    "    \"\"\"Generate the esp from the on atom quandropoles\n",
    "    \n",
    "    Parameters\n",
    "    ----------\n",
    "    grid_coordinates: unit.Quantity\n",
    "        grid on which to build the esp on \n",
    "\n",
    "    atom_coordinates: unit.Quantity\n",
    "        coordinates of atoms to build the esp  \n",
    "    \n",
    "    quandropoles: unit.Quantity\n",
    "        dipoles or charges\n",
    "\n",
    "    Returns\n",
    "    -------\n",
    "    quandropoles_esp: unit.Quantity\n",
    "        monopole esp\n",
    "    \"\"\"\n",
    "\n",
    "    #prefactor\n",
    "    ke = 1 / (4 * np.pi * unit.epsilon_0) # 1/vacuum_permittivity, 1/(e**2 * a0 *Eh)\n",
    "    #Ensure everything is in AU\n",
    "    quadrupoles = detrace(quadrupoles.to(unit.e*unit.bohr*unit.bohr))\n",
    "\n",
    "    grid_coordinates = grid_coordinates.reshape((-1, 3)).to(unit.bohr)  #Å to Bohr\n",
    "    atom_coordinates = atom_coordinates.reshape((-1, 3)).to(unit.bohr)    #Å to Bohr\n",
    "\n",
    "    displacement = grid_coordinates[:, None, :] - atom_coordinates[None, :, :]  # N , M , 3 \n",
    "    distance = np.linalg.norm(displacement.m, axis=-1)*unit.bohr # N, M \n",
    "    inv_distance = 1 / distance #1/B\n",
    "\n",
    "    quadrupole_dot_1 = np.sum(quadrupoles[None,:,:] * displacement[:,:,None],axis=-1)\n",
    "    quadrupole_dot_2 = np.sum(quadrupole_dot_1*displacement,axis=-1)\n",
    "    esp = ke*np.sum((3*quadrupole_dot_2*(1/2 * inv_distance**5)),axis=-1)\n",
    "    # print('quadrupole esp')\n",
    "    # print(esp)\n",
    "    return esp.to(AU_ESP)\n",
    "\n",
    "def detrace(quadrupoles: unit.Quantity) -> unit.Quantity:\n",
    "\n",
    "    #convert to numpy array\n",
    "    quadrupoles = quadrupoles.m\n",
    "    for i in range(quadrupoles.shape[0]):\n",
    "        trace = np.trace(quadrupoles[i])\n",
    "        trace /= 3\n",
    "        # make sure we have the traceless quad tensor\n",
    "\n",
    "        quadrupoles[i][0][0]=quadrupoles[i][0][0] - trace\n",
    "        quadrupoles[i][0][1]=quadrupoles[i][0][1]\n",
    "        quadrupoles[i][0][2]=quadrupoles[i][0][2]\n",
    "        quadrupoles[i][1][1]=quadrupoles[i][1][1] - trace\n",
    "        quadrupoles[i][2][2]=quadrupoles[i][2][2] - trace\n",
    "        quadrupoles[i][1][2]=quadrupoles[i][1][2]\n",
    "\n",
    "    #convert back to unit quantity\n",
    "    quadrupoles = quadrupoles*unit.e*unit.bohr*unit.bohr\n",
    "    return quadrupoles\n"
   ]
  },
  {
   "cell_type": "code",
   "execution_count": 2,
   "metadata": {},
   "outputs": [
    {
     "data": {
      "text/plain": [
       "['CC(=O)O',\n",
       " 'CO[Si](C)(C)O',\n",
       " 'CP(=O)([O-])[O-]',\n",
       " 'CC(C)=O',\n",
       " 'CS(=O)(=O)[O-]',\n",
       " '[O-]c1ccsn1',\n",
       " '[S-]c1ccccc1',\n",
       " 'CC',\n",
       " 'CCO',\n",
       " 'Clc1ccccc1',\n",
       " 'CC(C)F',\n",
       " 'c1ccsc1',\n",
       " 'Fc1cccc(F)c1F',\n",
       " 'C1CCNC1',\n",
       " 'C1CC[NH2+]CC1',\n",
       " 'O=C1CCCN1',\n",
       " 'COC',\n",
       " 'N#Cc1ccccc1',\n",
       " 'Brc1cc[nH]c1',\n",
       " 'C1CCOC1',\n",
       " 'CCOB(O)O',\n",
       " 'Nc1ccccc1',\n",
       " 'Oc1ccccc1',\n",
       " 'Clc1cccnc1',\n",
       " 'Fc1ccccc1',\n",
       " 'C[Si]1(C)CCCC1',\n",
       " 'COCC(F)(F)F',\n",
       " 'CC(=O)[O-]',\n",
       " 'c1c[nH+]c[nH]1',\n",
       " 'Cc1c[nH]c2ccccc12',\n",
       " 'Brc1ccccc1',\n",
       " 'c1ccccc1',\n",
       " 'CCSC',\n",
       " 'CCS',\n",
       " 'COC[B-](F)(F)F',\n",
       " 'Ic1ccccc1']"
      ]
     },
     "execution_count": 2,
     "metadata": {},
     "output_type": "execute_result"
    }
   ],
   "source": [
    "prop_store_dft = MoleculePropStore('./properties_store_density.db')\n",
    "wbx_list = prop_store_dft.list()\n",
    "wbx_list"
   ]
  },
  {
   "cell_type": "code",
   "execution_count": 8,
   "metadata": {},
   "outputs": [
    {
     "data": {
      "text/plain": [
       "MoleculePropRecord(tagged_smiles='[C:1]([C:2](=[O:3])[O:4][H:8])([H:5])([H:6])[H:7]', conformer=array([[-0.97938925, -0.06317125, -0.15629403],\n",
       "       [ 0.46775661,  0.28301764, -0.08165682],\n",
       "       [ 0.85856137,  1.48926781, -0.17942098],\n",
       "       [ 1.46325114, -0.66733882,  0.09563239],\n",
       "       [-1.52151351,  0.68733959, -0.72387465],\n",
       "       [-1.38014251, -0.1391593 ,  0.87249948],\n",
       "       [-1.11880141, -1.08613953, -0.5983075 ],\n",
       "       [ 2.21027756, -0.50381613,  0.7714221 ]]), grid_coordinates=array([[-4.24264069, -0.70710678, -0.35355339],\n",
       "       [-4.24264069, -0.70710678,  0.35355339],\n",
       "       [-4.24264069, -0.35355339, -0.70710678],\n",
       "       ...,\n",
       "       [ 4.24264069,  0.35355339,  1.41421356],\n",
       "       [ 4.24264069,  0.70710678,  1.06066017],\n",
       "       [ 4.59619408, -0.70710678,  0.70710678]]), esp=array([[0.01031323],\n",
       "       [0.01064485],\n",
       "       [0.01005784],\n",
       "       ...,\n",
       "       [0.01762374],\n",
       "       [0.01123366],\n",
       "       [0.01593295]]), electric_field=array([[-2.2789995e-03, -2.0321140e-04, -4.1283540e-04],\n",
       "       [-2.4193529e-03, -1.7290450e-04, -8.8216200e-05],\n",
       "       [-2.3125100e-03, -2.1816800e-05, -5.7444530e-04],\n",
       "       ...,\n",
       "       [ 8.8318884e-03,  7.3826363e-03, -7.7283900e-05],\n",
       "       [ 5.4280524e-03,  8.3802728e-03, -2.8120033e-03],\n",
       "       [ 8.5314290e-03,  2.3232500e-04, -3.6816320e-03]]), esp_settings=ESPSettings(basis='def2-tzvpp', method='wb97x-d', grid_settings=LatticeGridSettings(type='fcc', spacing=0.5, inner_vdw_scale=1.4, outer_vdw_scale=2.0), pcm_settings=None, psi4_dft_grid_settings=<DFTGridSettings.Default: 'default'>, ddx_settings=None), mulliken_charges=array([-0.19396687,  0.35779687, -0.39128369, -0.33564882,  0.11668021,\n",
       "        0.09661016,  0.09934335,  0.2504688 ]), lowdin_charges=array([ 0.00443919, -0.35061264,  0.02119346,  0.24225848,  0.03055381,\n",
       "        0.03990177,  0.04131319, -0.02904725]), mbis_charges=array([[-0.65491097],\n",
       "       [ 0.86779926],\n",
       "       [-0.6007122 ],\n",
       "       [-0.70131181],\n",
       "       [ 0.22035497],\n",
       "       [ 0.20039349],\n",
       "       [ 0.18522421],\n",
       "       [ 0.48315976]]), dipole=array([-0.42286705, -0.83381295,  0.50790977]), quadropole=array([[-14.61195745,  -1.74576355,   2.5576298 ],\n",
       "       [ -1.74576355, -22.04479474,  -0.02806113],\n",
       "       [  2.5576298 ,  -0.02806113, -16.29116221]]), mbis_dipole=array([[-0.02991006,  0.00583198, -0.01606916],\n",
       "       [ 0.07669469, -0.05001402, -0.02484845],\n",
       "       [ 0.03670507,  0.12979157, -0.02615644],\n",
       "       [-0.02599842, -0.02927675, -0.10023134],\n",
       "       [-0.01911666,  0.03364753, -0.02365225],\n",
       "       [-0.01773684, -0.00314254,  0.04198215],\n",
       "       [-0.00183067, -0.04264019, -0.01733216],\n",
       "       [ 0.02273776, -0.00748794,  0.01384303]]), mbis_quadropole=array([[[-5.41885438e+00, -3.16009473e-02, -3.39916610e-02],\n",
       "        [-3.16009473e-02, -5.39463020e+00,  1.36245725e-02],\n",
       "        [-3.39916610e-02,  1.36245725e-02, -5.35122735e+00]],\n",
       "\n",
       "       [[-3.14502625e+00, -5.07398901e-02, -3.74221527e-02],\n",
       "        [-5.07398901e-02, -3.04849177e+00,  4.24117356e-02],\n",
       "        [-3.74221527e-02,  4.24117356e-02, -2.88253210e+00]],\n",
       "\n",
       "       [[-4.55522000e+00,  2.05473183e-02, -4.33359431e-02],\n",
       "        [ 2.05473183e-02, -4.46637620e+00,  2.22338222e-02],\n",
       "        [-4.33359431e-02,  2.22338222e-02, -4.33609997e+00]],\n",
       "\n",
       "       [[-4.49696225e+00, -3.10583843e-02,  2.04860546e-02],\n",
       "        [-3.10583843e-02, -4.56142024e+00,  1.01046443e-02],\n",
       "        [ 2.04860546e-02,  1.01046443e-02, -4.52091774e+00]],\n",
       "\n",
       "       [[-4.04428543e-01,  4.18957983e-03, -2.26725725e-03],\n",
       "        [ 4.18957983e-03, -4.07935975e-01,  7.26363878e-04],\n",
       "        [-2.26725725e-03,  7.26363878e-04, -4.07548413e-01]],\n",
       "\n",
       "       [[-4.37725624e-01, -1.83525911e-04,  4.74661977e-03],\n",
       "        [-1.83525911e-04, -4.40936687e-01, -8.21533692e-05],\n",
       "        [ 4.74661977e-03, -8.21533692e-05, -4.44733680e-01]],\n",
       "\n",
       "       [[-4.53569785e-01, -3.26025977e-03, -9.02327550e-04],\n",
       "        [-3.26025977e-03, -4.67377561e-01, -3.33434569e-03],\n",
       "        [-9.02327550e-04, -3.33434569e-03, -4.63520201e-01]],\n",
       "\n",
       "       [[-2.55029620e-01, -6.34917637e-03,  3.89686703e-03],\n",
       "        [-6.34917637e-03, -2.55096243e-01,  2.25194411e-03],\n",
       "        [ 3.89686703e-03,  2.25194411e-03, -2.58197486e-01]]]), mbis_octopole=array([[[[-5.82660871e-01, -2.17022408e-01, -8.28525133e-02],\n",
       "         [-2.17022408e-01,  8.89936434e-02, -4.81127238e-02],\n",
       "         [-8.28525133e-02, -4.81127238e-02,  2.44326750e-01]],\n",
       "\n",
       "        [[-2.17022408e-01,  8.89936434e-02, -4.81127238e-02],\n",
       "         [ 8.89936434e-02,  1.94746549e-01,  2.12582623e-01],\n",
       "         [-4.81127238e-02,  2.12582623e-01,  3.73023871e-02]],\n",
       "\n",
       "        [[-8.28525133e-02, -4.81127238e-02,  2.44326750e-01],\n",
       "         [-4.81127238e-02,  2.12582623e-01,  3.73023871e-02],\n",
       "         [ 2.44326750e-01,  3.73023871e-02, -3.59098074e-01]]],\n",
       "\n",
       "\n",
       "       [[[ 1.04709022e-01,  6.52810854e-02, -3.69016638e-02],\n",
       "         [ 6.52810854e-02, -5.89095829e-02,  2.03844140e-02],\n",
       "         [-3.69016638e-02,  2.03844140e-02, -2.41637568e-02]],\n",
       "\n",
       "        [[ 6.52810854e-02, -5.89095829e-02,  2.03844140e-02],\n",
       "         [-5.89095829e-02, -1.80933357e-01, -4.83235791e-02],\n",
       "         [ 2.03844140e-02, -4.83235791e-02, -9.95118399e-02]],\n",
       "\n",
       "        [[-3.69016638e-02,  2.03844140e-02, -2.41637568e-02],\n",
       "         [ 2.03844140e-02, -4.83235791e-02, -9.95118399e-02],\n",
       "         [-2.41637568e-02, -9.95118399e-02, -1.59100891e-01]]],\n",
       "\n",
       "\n",
       "       [[[-1.42786795e-01,  1.88054792e-02, -3.68932094e-02],\n",
       "         [ 1.88054792e-02,  1.53877991e-01, -2.29755358e-02],\n",
       "         [-3.68932094e-02, -2.29755358e-02, -9.51706730e-03]],\n",
       "\n",
       "        [[ 1.88054792e-02,  1.53877991e-01, -2.29755358e-02],\n",
       "         [ 1.53877991e-01,  3.31925689e-01, -3.16683020e-02],\n",
       "         [-2.29755358e-02, -3.16683020e-02,  9.45227246e-02]],\n",
       "\n",
       "        [[-3.68932094e-02, -2.29755358e-02, -9.51706730e-03],\n",
       "         [-2.29755358e-02, -3.16683020e-02,  9.45227246e-02],\n",
       "         [-9.51706730e-03,  9.45227246e-02, -1.07792714e-01]]],\n",
       "\n",
       "\n",
       "       [[[-9.94690267e-02, -2.00791829e-01, -9.89539442e-02],\n",
       "         [-2.00791829e-01,  6.48934648e-02, -6.03862302e-02],\n",
       "         [-9.89539442e-02, -6.03862302e-02, -1.37281101e-01]],\n",
       "\n",
       "        [[-2.00791829e-01,  6.48934648e-02, -6.03862302e-02],\n",
       "         [ 6.48934648e-02, -2.29572386e-02, -7.88748581e-02],\n",
       "         [-6.03862302e-02, -7.88748581e-02,  1.96961012e-03]],\n",
       "\n",
       "        [[-9.89539442e-02, -6.03862302e-02, -1.37281101e-01],\n",
       "         [-6.03862302e-02, -7.88748581e-02,  1.96961012e-03],\n",
       "         [-1.37281101e-01,  1.96961012e-03, -3.44820966e-01]]],\n",
       "\n",
       "\n",
       "       [[[-1.50954442e-02,  2.49373849e-03, -5.57767186e-03],\n",
       "         [ 2.49373849e-03, -3.67869943e-03,  1.31440684e-03],\n",
       "         [-5.57767186e-03,  1.31440684e-03,  3.46641679e-03]],\n",
       "\n",
       "        [[ 2.49373849e-03, -3.67869943e-03,  1.31440684e-03],\n",
       "         [-3.67869943e-03,  2.24178852e-02, -1.92282016e-04],\n",
       "         [ 1.31440684e-03, -1.92282016e-04,  8.76925232e-03]],\n",
       "\n",
       "        [[-5.57767186e-03,  1.31440684e-03,  3.46641679e-03],\n",
       "         [ 1.31440684e-03, -1.92282016e-04,  8.76925232e-03],\n",
       "         [ 3.46641679e-03,  8.76925232e-03, -1.98000984e-02]]],\n",
       "\n",
       "\n",
       "       [[[-1.92977788e-02, -6.07197243e-03,  7.39422793e-03],\n",
       "         [-6.07197243e-03,  2.65789947e-03, -1.53925667e-03],\n",
       "         [ 7.39422793e-03, -1.53925667e-03, -7.52222862e-05]],\n",
       "\n",
       "        [[-6.07197243e-03,  2.65789947e-03, -1.53925667e-03],\n",
       "         [ 2.65789947e-03,  8.19949549e-03,  1.40669613e-02],\n",
       "         [-1.53925667e-03,  1.40669613e-02,  6.41384660e-04]],\n",
       "\n",
       "        [[ 7.39422793e-03, -1.53925667e-03, -7.52222862e-05],\n",
       "         [-1.53925667e-03,  1.40669613e-02,  6.41384660e-04],\n",
       "         [-7.52222862e-05,  6.41384660e-04,  2.15168763e-02]]],\n",
       "\n",
       "\n",
       "       [[[-3.82766458e-04, -7.93084325e-03, -3.40707255e-03],\n",
       "         [-7.93084325e-03,  3.28808280e-03, -2.79288060e-03],\n",
       "         [-3.40707255e-03, -2.79288060e-03,  1.11112686e-02]],\n",
       "\n",
       "        [[-7.93084325e-03,  3.28808280e-03, -2.79288060e-03],\n",
       "         [ 3.28808280e-03, -1.69138846e-02,  3.90139689e-04],\n",
       "         [-2.79288060e-03,  3.90139689e-04, -5.63393938e-03]],\n",
       "\n",
       "        [[-3.40707255e-03, -2.79288060e-03,  1.11112686e-02],\n",
       "         [-2.79288060e-03,  3.90139689e-04, -5.63393938e-03],\n",
       "         [ 1.11112686e-02, -5.63393938e-03, -1.56394577e-02]]],\n",
       "\n",
       "\n",
       "       [[[ 1.03236749e-02, -6.10408749e-03,  1.05500242e-03],\n",
       "         [-6.10408749e-03,  2.88743937e-03,  8.61180451e-04],\n",
       "         [ 1.05500242e-03,  8.61180451e-04,  4.72315438e-03]],\n",
       "\n",
       "        [[-6.10408749e-03,  2.88743937e-03,  8.61180451e-04],\n",
       "         [ 2.88743937e-03, -2.03931712e-02, -2.61366258e-03],\n",
       "         [ 8.61180451e-04, -2.61366258e-03, -5.27879690e-03]],\n",
       "\n",
       "        [[ 1.05500242e-03,  8.61180451e-04,  4.72315438e-03],\n",
       "         [ 8.61180451e-04, -2.61366258e-03, -5.27879690e-03],\n",
       "         [ 4.72315438e-03, -5.27879690e-03, -3.39749579e-03]]]]), energy=array(-229.082694), charge_model_charges=None, alpha_density=array([[ 2.27375516e-01,  3.03147649e-01, -1.29860247e-02, ...,\n",
       "        -1.17142600e-05,  2.89427139e-05, -2.95420658e-06],\n",
       "       [ 3.03147649e-01,  4.10016718e-01, -4.12457296e-02, ...,\n",
       "        -2.95810093e-05,  3.89994137e-05, -9.15827558e-06],\n",
       "       [-1.29860247e-02, -4.12457296e-02,  9.87319984e-02, ...,\n",
       "         5.77345243e-05, -1.76750441e-05,  1.86126931e-05],\n",
       "       ...,\n",
       "       [-1.17142600e-05, -2.95810093e-05,  5.77345243e-05, ...,\n",
       "         1.35428884e-05,  2.90369373e-06,  1.34809013e-05],\n",
       "       [ 2.89427139e-05,  3.89994137e-05, -1.76750441e-05, ...,\n",
       "         2.90369373e-06,  2.63936337e-05,  5.05548528e-06],\n",
       "       [-2.95420658e-06, -9.15827558e-06,  1.86126931e-05, ...,\n",
       "         1.34809013e-05,  5.05548528e-06,  1.65768974e-05]]), beta_density=array([[ 2.27375516e-01,  3.03147649e-01, -1.29860247e-02, ...,\n",
       "        -1.17142600e-05,  2.89427139e-05, -2.95420658e-06],\n",
       "       [ 3.03147649e-01,  4.10016718e-01, -4.12457296e-02, ...,\n",
       "        -2.95810093e-05,  3.89994137e-05, -9.15827558e-06],\n",
       "       [-1.29860247e-02, -4.12457296e-02,  9.87319984e-02, ...,\n",
       "         5.77345243e-05, -1.76750441e-05,  1.86126931e-05],\n",
       "       ...,\n",
       "       [-1.17142600e-05, -2.95810093e-05,  5.77345243e-05, ...,\n",
       "         1.35428884e-05,  2.90369373e-06,  1.34809013e-05],\n",
       "       [ 2.89427139e-05,  3.89994137e-05, -1.76750441e-05, ...,\n",
       "         2.90369373e-06,  2.63936337e-05,  5.05548528e-06],\n",
       "       [-2.95420658e-06, -9.15827558e-06,  1.86126931e-05, ...,\n",
       "         1.34809013e-05,  5.05548528e-06,  1.65768974e-05]]))"
      ]
     },
     "execution_count": 8,
     "metadata": {},
     "output_type": "execute_result"
    }
   ],
   "source": [
    "wb97x_def2tzvpp = prop_store_dft.retrieve(smiles='CC(=O)O', method='wb97x-d', basis='def2-tzvpp')[0]\n",
    "wb97x_def2tzvpp"
   ]
  },
  {
   "cell_type": "code",
   "execution_count": 9,
   "metadata": {},
   "outputs": [
    {
     "data": {
      "text/plain": [
       "([0.009345142949735704,\n",
       "  0.009825235354145862,\n",
       "  0.009191795582036567,\n",
       "  0.009619986789446776,\n",
       "  0.01003681952542703,\n",
       "  0.008985361782292976,\n",
       "  0.009423929697425174,\n",
       "  0.009728195144351024,\n",
       "  0.009203541352817778,\n",
       "  0.009388541425286443,\n",
       "  0.009019151800958396,\n",
       "  0.008944216095643142,\n",
       "  0.010016056433868777,\n",
       "  0.009997471440864797,\n",
       "  0.010482587607088817,\n",
       "  0.010944646124770785,\n",
       "  0.009812845561480566,\n",
       "  0.010352896920441642,\n",
       "  0.010997838925021139,\n",
       "  0.01155012768662755,\n",
       "  0.009558828923063334,\n",
       "  0.010199734048218721,\n",
       "  0.010742021232125896,\n",
       "  0.011596640940136025,\n",
       "  0.011879901367532347,\n",
       "  0.009158504480158595,\n",
       "  0.010162375431743862,\n",
       "  0.010562017825672973,\n",
       "  0.011233556055624034,\n",
       "  0.011965791227481686,\n",
       "  0.010018043909737021,\n",
       "  0.010657727586479612,\n",
       "  0.010905720201233867,\n",
       "  0.011518104112780907,\n",
       "  0.011684060843100759,\n",
       "  0.009377423335529796,\n",
       "  0.010679879565354983,\n",
       "  0.010883873754193205,\n",
       "  0.010941920701512673,\n",
       "  0.011162448903433299,\n",
       "  0.010055934325724249,\n",
       "  0.010813393801522634,\n",
       "  0.010556449161325136,\n",
       "  0.010347422874008413,\n",
       "  0.010055003208269693,\n",
       "  0.010073913176671424,\n",
       "  0.010139857407350747,\n",
       "  0.009553480127632866,\n",
       "  0.009100551979852302,\n",
       "  0.009197088775322652,\n",
       "  0.008732517031103039,\n",
       "  0.008041115537834369,\n",
       "  0.010972321010466387,\n",
       "  0.011069726329596553,\n",
       "  0.010319989278001464,\n",
       "  0.011209453849308772,\n",
       "  0.01154750691704363,\n",
       "  0.011838186525727244,\n",
       "  0.009851754049297994,\n",
       "  0.011046810982194162,\n",
       "  0.011533221693604698,\n",
       "  0.012133398698189591,\n",
       "  0.012776952504336057,\n",
       "  0.009152454243397503,\n",
       "  0.010670177946671144,\n",
       "  0.011253512915480973,\n",
       "  0.01179537171051384,\n",
       "  0.01308629314361225,\n",
       "  0.013653398826000822,\n",
       "  0.010207150141830275,\n",
       "  0.011124056930482597,\n",
       "  0.011336690369085677,\n",
       "  0.01255996395096558,\n",
       "  0.014190678480243956,\n",
       "  0.013894837340025798,\n",
       "  0.009528567012135284,\n",
       "  0.011196498234025779,\n",
       "  0.011498475409616203,\n",
       "  0.011872398597301959,\n",
       "  0.013694654942919215,\n",
       "  0.014611908993095144,\n",
       "  0.010943562014946957,\n",
       "  0.01222193790953519,\n",
       "  0.012060241770780075,\n",
       "  0.012752660445079316,\n",
       "  0.01421484061739171,\n",
       "  0.013778044082168707,\n",
       "  0.009878516730639279,\n",
       "  0.012429439175803025,\n",
       "  0.013057889850877451,\n",
       "  0.01249815458576893,\n",
       "  0.013067277154131873,\n",
       "  0.013389815098297399,\n",
       "  0.011293581285437624,\n",
       "  0.013406854147756338,\n",
       "  0.013034771593018673,\n",
       "  0.012151532727070575,\n",
       "  0.012157489455372783,\n",
       "  0.011465767078085894,\n",
       "  0.0120584669538913,\n",
       "  0.013023908409488432,\n",
       "  0.011780208465388613,\n",
       "  0.010781281689985748,\n",
       "  0.010256381109043741,\n",
       "  0.00944272139391726,\n",
       "  0.011458912945946574,\n",
       "  0.011131368696750564,\n",
       "  0.009655011890555244,\n",
       "  0.008743619188594948,\n",
       "  0.008751280033357272,\n",
       "  0.009473717795578996,\n",
       "  0.008471257606599154,\n",
       "  0.007275524202634236,\n",
       "  0.006836421372112478,\n",
       "  0.011261797394802906,\n",
       "  0.011771968340522842,\n",
       "  0.01151982669884077,\n",
       "  0.011482285476939713,\n",
       "  0.012608574598640265,\n",
       "  0.012628618637044746,\n",
       "  0.012413183547069585,\n",
       "  0.012016266184022243,\n",
       "  0.011055695998651551,\n",
       "  0.012776124941766956,\n",
       "  0.013182991244782066,\n",
       "  0.013257641209343453,\n",
       "  0.013553786769220366,\n",
       "  0.012950578924235798,\n",
       "  0.010166624784904028,\n",
       "  0.012263690048035944,\n",
       "  0.013011712783606485,\n",
       "  0.013177696005985635,\n",
       "  0.01436033944394484,\n",
       "  0.014945876117734727,\n",
       "  0.009064586829313196,\n",
       "  0.011424494745586607,\n",
       "  0.012468594581958975,\n",
       "  0.012316144822756652,\n",
       "  0.013788876138469495,\n",
       "  0.01624917815028698,\n",
       "  0.015924404541151817,\n",
       "  0.010499874526867636,\n",
       "  0.012176526290152544,\n",
       "  0.01588273881252442,\n",
       "  0.01786776106651151,\n",
       "  0.015685781449703926,\n",
       "  0.009363402403557902,\n",
       "  0.012048399006408672,\n",
       "  0.01270875086992207,\n",
       "  0.018125332007801306,\n",
       "  0.01771946175857367,\n",
       "  0.011312907674852246,\n",
       "  0.014065316297321022,\n",
       "  0.018240650422939354,\n",
       "  0.01567343206501796,\n",
       "  0.009625832550664697,\n",
       "  0.013898292081644007,\n",
       "  0.016500748658331607,\n",
       "  0.016634822605683837,\n",
       "  0.015957455020714904,\n",
       "  0.011751874679342618,\n",
       "  0.016591087653935375,\n",
       "  0.01425038472364951,\n",
       "  0.01456337100939389,\n",
       "  0.01266066021703023,\n",
       "  0.008681502192511433,\n",
       "  0.01363204884436506,\n",
       "  0.017523294974494213,\n",
       "  0.016134995297220588,\n",
       "  0.012980586954709715,\n",
       "  0.012239712131975137,\n",
       "  0.01140803932659125,\n",
       "  0.009598051557290991,\n",
       "  0.013949600324076985,\n",
       "  0.015307474899061821,\n",
       "  0.01250501394966701,\n",
       "  0.01019705897042921,\n",
       "  0.00938948088425031,\n",
       "  0.009412910507038968,\n",
       "  0.011924585192435371,\n",
       "  0.011124200161789511,\n",
       "  0.008643708669262028,\n",
       "  0.007289331180909662,\n",
       "  0.007796220785825265,\n",
       "  0.008400344327307503,\n",
       "  0.006949263983912255,\n",
       "  0.005426911159784859,\n",
       "  0.0048184831918893735,\n",
       "  0.003695590441218121,\n",
       "  0.012008849562336938,\n",
       "  0.011450212157172132,\n",
       "  0.012308831087479903,\n",
       "  0.013686442392061078,\n",
       "  0.013343752266677585,\n",
       "  0.012473222050599826,\n",
       "  0.012214491711603616,\n",
       "  0.014731733671778458,\n",
       "  0.015095558304419053,\n",
       "  0.014184474330762007,\n",
       "  0.013654371632862929,\n",
       "  0.012781920271458304,\n",
       "  0.01127933988379815,\n",
       "  0.014552443922730867,\n",
       "  0.016016683416523705,\n",
       "  0.015253121975649922,\n",
       "  0.015211663965339671,\n",
       "  0.01528415334514077,\n",
       "  0.013699967375286297,\n",
       "  0.009896512568161372,\n",
       "  0.013277123612946251,\n",
       "  0.015493149204952525,\n",
       "  0.017467162953219012,\n",
       "  0.016946423714560593,\n",
       "  0.008415716085073799,\n",
       "  0.011665156594185697,\n",
       "  0.014105703862448967,\n",
       "  0.020466957437272816,\n",
       "  0.017548326740589485,\n",
       "  0.01011537971977937,\n",
       "  0.01303236508175969,\n",
       "  0.02178286308340397,\n",
       "  0.016473700908345844,\n",
       "  0.00850402350581718,\n",
       "  0.012156244605279438,\n",
       "  0.020057775180712188,\n",
       "  0.010659375822167163,\n",
       "  0.015306638104182162,\n",
       "  0.02271852294749086,\n",
       "  0.01648541194518445,\n",
       "  0.008443447161785968,\n",
       "  0.01397330778197469,\n",
       "  0.017845348374418323,\n",
       "  0.010793505624971556,\n",
       "  0.017046990966517045,\n",
       "  0.013082316909044916,\n",
       "  0.013506053151442843,\n",
       "  0.014047704139307992,\n",
       "  0.012116095928933852,\n",
       "  0.008463601873152114,\n",
       "  0.01517474501928568,\n",
       "  0.012398524926184267,\n",
       "  0.010542775584647198,\n",
       "  0.009856164950053389,\n",
       "  0.008804776395148687,\n",
       "  0.013967054182231355,\n",
       "  0.01552418875580559,\n",
       "  0.01132240690714934,\n",
       "  0.007905485006811418,\n",
       "  0.007068556271806206,\n",
       "  0.007631271117676594,\n",
       "  0.010000141152674556,\n",
       "  0.008802141342897356,\n",
       "  0.005875830685349418,\n",
       "  0.004512959335799929,\n",
       "  0.005076984378619768,\n",
       "  0.005304056838417086,\n",
       "  0.0037430693779674385,\n",
       "  0.002379416071790731,\n",
       "  0.01222251720416944,\n",
       "  0.013665991229779855,\n",
       "  0.013122592854604851,\n",
       "  0.011843114903804765,\n",
       "  0.012699500034541754,\n",
       "  0.01578946813618832,\n",
       "  0.016144631957506757,\n",
       "  0.014367628717304307,\n",
       "  0.01298943088261411,\n",
       "  0.012081918018676571,\n",
       "  0.01667288606776791,\n",
       "  0.019171703355832265,\n",
       "  0.017316638691991956,\n",
       "  0.015348959044893577,\n",
       "  0.014522433032772149,\n",
       "  0.010635329037805478,\n",
       "  0.0156110247597606,\n",
       "  0.01729672485602817,\n",
       "  0.016436834083988914,\n",
       "  0.008907201430969399,\n",
       "  0.013312860096452373,\n",
       "  0.020870813524497864,\n",
       "  0.01783581137406089,\n",
       "  0.01096526921175242,\n",
       "  0.01532300596142212,\n",
       "  0.02398092844894904,\n",
       "  0.017655981842047804,\n",
       "  0.008934695660082525,\n",
       "  0.012933923308883629,\n",
       "  0.023675917151569192,\n",
       "  0.015849848754543452,\n",
       "  0.007048307859328192,\n",
       "  0.011085478436959123,\n",
       "  0.020183431945460125,\n",
       "  0.008967720327695085,\n",
       "  0.01460903176154852,\n",
       "  0.01574270630985731,\n",
       "  0.012066811710177367,\n",
       "  0.017846540996535345,\n",
       "  0.00852315537422321,\n",
       "  0.017222945719962784,\n",
       "  0.018123361803388215,\n",
       "  0.012433180068464377,\n",
       "  0.011108408133362403,\n",
       "  0.01546054128540713,\n",
       "  0.011880616651180441,\n",
       "  0.00618507366758643,\n",
       "  0.013468361516654433,\n",
       "  0.010873066157234183,\n",
       "  0.009793892983793078,\n",
       "  0.006670306124043376,\n",
       "  0.013568246870651328,\n",
       "  0.008887953965249667,\n",
       "  0.006622790714640381,\n",
       "  0.006635609892663241,\n",
       "  0.005959101422880704,\n",
       "  0.010251312162147445,\n",
       "  0.011149991195389489,\n",
       "  0.00682223621809735,\n",
       "  0.0036017952877426913,\n",
       "  0.0033542587715531076,\n",
       "  0.0037940519369411563,\n",
       "  0.005106302972378193,\n",
       "  0.003674903026374889,\n",
       "  0.001258102174860857,\n",
       "  0.0005816915474767907,\n",
       "  0.000449475926135714,\n",
       "  -0.0008775252178164454,\n",
       "  -0.0015858622938596846,\n",
       "  0.012277451145616554,\n",
       "  0.011771639927702941,\n",
       "  0.011981480872285781,\n",
       "  0.014934181660588047,\n",
       "  0.015250077517561113,\n",
       "  0.01331765097925721,\n",
       "  0.01163237267394345,\n",
       "  0.011937201279569166,\n",
       "  0.016938757808529166,\n",
       "  0.01981725138416276,\n",
       "  0.017554682881594067,\n",
       "  0.014426710189870616,\n",
       "  0.012930862744379589,\n",
       "  0.010834610665487493,\n",
       "  0.016966297057203122,\n",
       "  0.018132723492828733,\n",
       "  0.015849728272292,\n",
       "  0.014649274107869077,\n",
       "  0.009136028086374403,\n",
       "  0.014848512976350668,\n",
       "  0.018768100053479345,\n",
       "  0.016369109747720666,\n",
       "  0.011928686209645718,\n",
       "  0.02255695585219487,\n",
       "  0.017090162379782916,\n",
       "  0.00931862157572239,\n",
       "  0.014741773494972781,\n",
       "  0.024232498122848962,\n",
       "  0.01623414917994888,\n",
       "  0.007165619284351054,\n",
       "  0.011450101951627847,\n",
       "  0.022219563978388923,\n",
       "  0.009014519224784108,\n",
       "  0.01811292057837681,\n",
       "  0.006696888239496308,\n",
       "  0.011907616712674417,\n",
       "  0.023014970785171455,\n",
       "  0.008904652815878673,\n",
       "  0.01595962165218406,\n",
       "  0.005700489701364028,\n",
       "  0.01270943275880582,\n",
       "  0.0168704694992625,\n",
       "  0.007399155127563607,\n",
       "  0.01518650395395461,\n",
       "  0.010689345501294687,\n",
       "  0.009215937786819046,\n",
       "  0.010725568290946438,\n",
       "  0.008975234601836135,\n",
       "  0.009832539929416642,\n",
       "  0.00533430015631906,\n",
       "  0.00589998762710614,\n",
       "  0.0030409175881235765,\n",
       "  0.007713221195683744,\n",
       "  0.001965262714479427,\n",
       "  0.0008885170209852474,\n",
       "  0.0021998146009316907,\n",
       "  0.00128755450390876,\n",
       "  0.003216674926708945,\n",
       "  0.002723337089598558,\n",
       "  -0.0005660351780893536,\n",
       "  -0.002239791759463875,\n",
       "  -0.0012480659304845941,\n",
       "  -0.0015622379488394195,\n",
       "  -0.0031200366026281315,\n",
       "  -0.004457881869782927,\n",
       "  -0.003961420446638075,\n",
       "  0.012436460209628498,\n",
       "  0.012677003994232503,\n",
       "  0.011205300812021196,\n",
       "  0.01478479244949625,\n",
       "  0.017066529146616296,\n",
       "  0.015248468259316621,\n",
       "  0.012403839823282033,\n",
       "  0.010908337313359225,\n",
       "  0.015893853658759484,\n",
       "  0.016721362076272915,\n",
       "  0.013533363299143383,\n",
       "  0.012289316317676262,\n",
       "  0.01488242784006511,\n",
       "  0.015467225277981958,\n",
       "  0.01388733849212882,\n",
       "  0.012326322051032566,\n",
       "  0.018548187464998846,\n",
       "  0.015090989263881395,\n",
       "  0.00952438525817124,\n",
       "  0.017148833096560512,\n",
       "  0.021197171819135614,\n",
       "  0.015193509515077488,\n",
       "  0.007138157877831104,\n",
       "  0.012249721119985828,\n",
       "  0.021269790118645635,\n",
       "  0.008977565051161544,\n",
       "  0.018738648510651795,\n",
       "  0.006514054727478545,\n",
       "  0.011072948819401282,\n",
       "  0.015150379301945559,\n",
       "  0.008413525321682654,\n",
       "  0.018897455385030803,\n",
       "  0.005602231233440268,\n",
       "  0.012000999596889847,\n",
       "  0.02258281375632898,\n",
       "  0.01328339406185535,\n",
       "  0.007603986068604089,\n",
       "  0.014132027259659747,\n",
       "  0.0037308342513107926,\n",
       "  0.010733742357685611,\n",
       "  0.013141461778547333,\n",
       "  0.004436173601584601,\n",
       "  0.00955981390604467,\n",
       "  0.0045094444130076095,\n",
       "  0.004124567082234832,\n",
       "  0.00488668630521397,\n",
       "  0.0029352869995362663,\n",
       "  -0.003961946094700451,\n",
       "  -0.0013840710352219462,\n",
       "  0.0011796065198786299,\n",
       "  -0.0005632284186157711,\n",
       "  -0.00047696783520306146,\n",
       "  -0.00386337801923456,\n",
       "  -0.006896855321885636,\n",
       "  -0.0057023967710587,\n",
       "  -0.0027084884320810543,\n",
       "  -0.00478245854259982,\n",
       "  -0.006683966122698368,\n",
       "  -0.008796752535128526,\n",
       "  -0.008546179286183684,\n",
       "  -0.006034409977162178,\n",
       "  -0.009806048130991674,\n",
       "  -0.010096749142669205,\n",
