{
 "cells": [
  {
   "cell_type": "code",
   "execution_count": 102,
   "metadata": {},
   "outputs": [],
   "source": [
    "from qcportal import PortalClient\n",
    "from openff.toolkit.topology import Molecule\n",
    "from chargecraft.storage.storage import MoleculePropStore\n",
    "from sklearn.metrics import mean_squared_error\n",
    "from rdkit import Chem\n",
    "from rdkit.Chem import Draw\n",
    "\n",
    "import pandas as pd\n",
    "import seaborn as sns\n",
    "import pickle\n",
    "import numpy as np\n",
    "import matplotlib.pyplot as plt\n",
    "import matplotlib as mpl"
   ]
  },
  {
   "cell_type": "markdown",
   "metadata": {},
   "source": [
    "Build a dataframe from the local qcarchive"
   ]
  },
  {
   "cell_type": "code",
   "execution_count": null,
   "metadata": {},
   "outputs": [],
   "source": [
    "DATASET_NAME = \"\"\n",
    "\n",
    "client = PortalClient(address=\"\")\n",
    "\n",
    "dataset = client.get_dataset(dataset_type=\"singlepoint\", dataset_name=DATASET_NAME)\n",
    "\n",
    "add_data = []\n",
    "for spec in dataset.specification_names:\n",
    "    for index, _, record in dataset.iterate_records(specification_names=spec, status=\"complete\"):\n",
    "        record_data = {\n",
    "            \"specification\": spec,\n",
    "            \"molecule\": index,\n",
    "            \"tagged_smiles\":Molecule.from_qcschema(record.molecule).to_smiles(mapped = True),\n",
    "            \"basis\": record.specification.basis,\n",
    "            \"method\": record.specification.method,\n",
    "            \"conformer_geom\" : Molecule.from_qcschema(record.molecule).conformers[0].m,\n",
    "            \"dipole\": record.properties[\"scf dipole\"],\n",
    "            \"charges\": record.properties[\"mbis charges\"],\n",
    "            \"mbis dipoles\": record.properties[\"mbis dipoles\"],\n",
    "            \"mbis quadrupoles\": record.properties[\"mbis quadrupoles\"],\n",
    "            \"wall time\": record.provenance.wall_time\n",
    "        }\n",
    "        add_data.append(record_data)\n",
    "\n",
    "df = pd.DataFrame(add_data)\n",
    "df.to_csv(\"benchmark_data.csv\")\n",
    "df"
   ]
  },
  {
   "cell_type": "markdown",
   "metadata": {},
   "source": [
    "Now, check if we can access the CCSD database using the chargecraft code. The list() method lists all the smiles present in the database."
   ]
  },
  {
   "cell_type": "code",
   "execution_count": null,
   "metadata": {},
   "outputs": [],
   "source": [
    "benchdb = MoleculePropStore('./database.db')\n",
    "benchdb.list()"
   ]
  },
  {
   "cell_type": "markdown",
   "metadata": {},
   "source": [
    "You can retrieve items by running .retrieve([smiles]) on the MoleculePropStore object. "
   ]
  },
  {
   "cell_type": "code",
   "execution_count": 107,
   "metadata": {},
   "outputs": [
    {
     "data": {
      "text/plain": [
       "[MoleculePropRecord(tagged_smiles='[C:1]([C:2]([H:6])([H:7])[H:8])([H:3])([H:4])[H:5]', conformer=array([[-0.76121044,  0.01704435,  0.02132174],\n",
       "        [ 0.76121109, -0.01704159, -0.02132468],\n",
       "        [-1.16238031, -0.83813842,  0.56928049],\n",
       "        [-1.12460595,  0.92247717,  0.51188822],\n",
       "        [-1.18721113, -0.00656134, -0.98390396],\n",
       "        [ 1.12458527, -0.92240799, -0.5120533 ],\n",
       "        [ 1.16241327,  0.83822474, -0.5691178 ],\n",
       "        [ 1.1871982 ,  0.00640308,  0.98390928]]), grid_coordinates=array([[-3.8890873 , -1.06066017, -0.70710678],\n",
       "        [-3.8890873 , -1.06066017,  0.        ],\n",
       "        [-3.8890873 , -1.06066017,  0.70710678],\n",
       "        ...,\n",
       "        [ 3.8890873 ,  1.06066017, -0.70710678],\n",
       "        [ 3.8890873 ,  1.06066017,  0.        ],\n",
       "        [ 3.8890873 ,  1.06066017,  0.70710678]]), esp=array([[-0.00139294],\n",
       "        [-0.00151105],\n",
       "        [-0.00120838],\n",
       "        ...,\n",
       "        [-0.00120818],\n",
       "        [-0.00151079],\n",
       "        [-0.00139278]]), electric_field=array([[ 5.574136e-04,  2.863186e-04,  2.730338e-04],\n",
       "        [ 5.933982e-04,  4.447287e-04, -9.911410e-05],\n",
       "        [ 3.325336e-04,  4.882613e-04, -3.056252e-04],\n",
       "        ...,\n",
       "        [-3.324106e-04, -4.883701e-04,  3.055167e-04],\n",
       "        [-5.932165e-04, -4.448519e-04,  9.913230e-05],\n",
       "        [-5.573354e-04, -2.864222e-04, -2.729253e-04]]), esp_settings=ESPSettings(basis='aug-cc-pvtz', method='ccsd', grid_settings=LatticeGridSettings(type='fcc', spacing=0.5, inner_vdw_scale=1.4, outer_vdw_scale=2.0), pcm_settings=None, psi4_dft_grid_settings=<DFTGridSettings.Default: 'default'>, ddx_settings=None), mulliken_charges=array([-0.89050937, -0.89050615,  0.29683463,  0.29683774,  0.29683648,\n",
       "         0.29683241,  0.29683843,  0.29683582]), lowdin_charges=array([ 0.53153862,  0.53153827, -0.1771722 , -0.17717818, -0.17718933,\n",
       "        -0.17716651, -0.17717906, -0.17719162]), mbis_charges=array([[-0.34692407],\n",
       "        [-0.34692554],\n",
       "        [ 0.11564377],\n",
       "        [ 0.11564072],\n",
       "        [ 0.11564143],\n",
       "        [ 0.11564136],\n",
       "        [ 0.11564371],\n",
       "        [ 0.11564196]]), dipole=array([-5.87947202e-07,  5.46109097e-06,  2.04243823e-06]), quadropole=array([[-1.16391564e+01,  1.19816559e-02,  1.48934154e-02],\n",
       "        [ 1.19816559e-02, -1.11030755e+01, -3.39548168e-04],\n",
       "        [ 1.48934154e-02, -3.39548168e-04, -1.11032603e+01]]), mbis_dipole=array([[ 0.09844603, -0.00221598, -0.00275459],\n",
       "        [-0.09844592,  0.00222224,  0.0027527 ],\n",
       "        [-0.00750831, -0.04318791,  0.0271402 ],\n",
       "        [-0.00561792,  0.04514598,  0.02425882],\n",
       "        [-0.00874761, -0.0014676 , -0.05078798],\n",
       "        [ 0.00561458, -0.04514211, -0.02426884],\n",
       "        [ 0.00751227,  0.04319292, -0.02712969],\n",
       "        [ 0.00874653,  0.0014615 ,  0.05078832]]), mbis_quadropole=array([[[-5.03863704e+00,  2.80447229e-03,  3.50039049e-03],\n",
       "         [ 2.80447229e-03, -4.91353874e+00, -2.49852912e-05],\n",
       "         [ 3.50039049e-03, -2.49852912e-05, -4.91357464e+00]],\n",
       " \n",
       "        [[-5.03864217e+00,  2.80829786e-03,  3.50185598e-03],\n",
       "         [ 2.80829786e-03, -4.91354475e+00, -2.07933928e-05],\n",
       "         [ 3.50185598e-03, -2.07933928e-05, -4.91358017e+00]],\n",
       " \n",
       "        [[-5.12809984e-01, -6.51621377e-03,  3.64081236e-03],\n",
       "         [-6.51621377e-03, -5.25018055e-01,  1.85828875e-03],\n",
       "         [ 3.64081236e-03,  1.85828875e-03, -5.23771207e-01]],\n",
       " \n",
       "        [[-5.12264886e-01,  6.18225383e-03,  3.14725209e-03],\n",
       "         [ 6.18225383e-03, -5.25809507e-01, -1.88864982e-03],\n",
       "         [ 3.14725209e-03, -1.88864982e-03, -5.23529853e-01]],\n",
       " \n",
       "        [[-5.13172018e-01, -4.55622464e-04, -7.77245753e-03],\n",
       "         [-4.55622464e-04, -5.22447774e-01,  5.05932954e-05],\n",
       "         [-7.77245753e-03,  5.05932954e-05, -5.25968158e-01]],\n",
       " \n",
       "        [[-5.12269986e-01,  6.18247350e-03,  3.14762736e-03],\n",
       "         [ 6.18247350e-03, -5.25813940e-01, -1.88860765e-03],\n",
       "         [ 3.14762736e-03, -1.88860765e-03, -5.23534658e-01]],\n",
       " \n",
       "        [[-5.12806667e-01, -6.51604830e-03,  3.64044544e-03],\n",
       "         [-6.51604830e-03, -5.25015285e-01,  1.85847009e-03],\n",
       "         [ 3.64044544e-03,  1.85847009e-03, -5.23768327e-01]],\n",
       " \n",
       "        [[-5.13170766e-01, -4.55179430e-04, -7.77248900e-03],\n",
       "         [-4.55179430e-04, -5.22446260e-01,  5.16266089e-05],\n",
       "         [-7.77248900e-03,  5.16266089e-05, -5.25966959e-01]]]), mbis_octopole=array([[[[-1.41592425e-01,  1.95741172e-02,  2.47565838e-02],\n",
       "          [ 1.95741172e-02,  3.65072432e-01, -3.43387389e-03],\n",
       "          [ 2.47565838e-02, -3.43387389e-03,  3.73079286e-01]],\n",
       " \n",
       "         [[ 1.95741172e-02,  3.65072432e-01, -3.43387389e-03],\n",
       "          [ 3.65072432e-01, -3.82325005e-02, -1.49027895e-01],\n",
       "          [-3.43387389e-03, -1.49027895e-01,  5.23639975e-03]],\n",
       " \n",
       "         [[ 2.47565838e-02, -3.43387389e-03,  3.73079286e-01],\n",
       "          [-3.43387389e-03, -1.49027895e-01,  5.23639975e-03],\n",
       "          [ 3.73079286e-01,  5.23639975e-03,  1.07611141e-01]]],\n",
       " \n",
       " \n",
       "        [[[ 1.41594113e-01, -1.95585801e-02, -2.47561288e-02],\n",
       "          [-1.95585801e-02, -3.65074751e-01,  3.44269339e-03],\n",
       "          [-2.47561288e-02,  3.44269339e-03, -3.73078179e-01]],\n",
       " \n",
       "         [[-1.95585801e-02, -3.65074751e-01,  3.44269339e-03],\n",
       "          [-3.65074751e-01,  3.81716115e-02,  1.49035653e-01],\n",
       "          [ 3.44269339e-03,  1.49035653e-01, -5.10499517e-03]],\n",
       " \n",
       "         [[-2.47561288e-02,  3.44269339e-03, -3.73078179e-01],\n",
       "          [ 3.44269339e-03,  1.49035653e-01, -5.10499517e-03],\n",
       "          [-3.73078179e-01, -5.10499517e-03, -1.07635295e-01]]],\n",
       " \n",
       " \n",
       "        [[[ 1.77828087e-02, -9.24178391e-03,  6.79080414e-03],\n",
       "          [-9.24178391e-03,  1.58076976e-02,  3.27968243e-03],\n",
       "          [ 6.79080414e-03,  3.27968243e-03,  1.95273901e-02]],\n",
       " \n",
       "         [[-9.24178391e-03,  1.58076976e-02,  3.27968243e-03],\n",
       "          [ 1.58076976e-02, -3.01912231e-02, -8.72169912e-04],\n",
       "          [ 3.27968243e-03, -8.72169912e-04, -9.52800612e-03]],\n",
       " \n",
       "         [[ 6.79080414e-03,  3.27968243e-03,  1.95273901e-02],\n",
       "          [ 3.27968243e-03, -8.72169912e-04, -9.52800612e-03],\n",
       "          [ 1.95273901e-02, -9.52800612e-03,  2.22648717e-02]]],\n",
       " \n",
       " \n",
       "        [[[ 1.90382669e-02,  1.02239612e-02,  5.88139550e-03],\n",
       "          [ 1.02239612e-02,  1.57843403e-02, -3.32218932e-03],\n",
       "          [ 5.88139550e-03, -3.32218932e-03,  2.03799766e-02]],\n",
       " \n",
       "         [[ 1.02239612e-02,  1.57843403e-02, -3.32218932e-03],\n",
       "          [ 1.57843403e-02,  2.79523751e-02, -1.19569074e-03],\n",
       "          [-3.32218932e-03, -1.19569074e-03,  1.02001349e-02]],\n",
       " \n",
       "         [[ 5.88139550e-03, -3.32218932e-03,  2.03799766e-02],\n",
       "          [-3.32218932e-03, -1.19569074e-03,  1.02001349e-02],\n",
       "          [ 2.03799766e-02,  1.02001349e-02,  2.03366757e-02]]],\n",
       " \n",
       " \n",
       "        [[[ 1.69445785e-02,  1.68154938e-04, -1.11922329e-02],\n",
       "          [ 1.68154938e-04,  2.10288431e-02, -3.81512608e-04],\n",
       "          [-1.11922329e-02, -3.81512608e-04,  1.37994418e-02]],\n",
       " \n",
       "         [[ 1.68154938e-04,  2.10288431e-02, -3.81512608e-04],\n",
       "          [ 2.10288431e-02, -3.11691265e-03, -1.79491197e-02],\n",
       "          [-3.81512608e-04, -1.79491197e-02, -5.41236348e-05]],\n",
       " \n",
       "         [[-1.11922329e-02, -3.81512608e-04,  1.37994418e-02],\n",
       "          [-3.81512608e-04, -1.79491197e-02, -5.41236348e-05],\n",
       "          [ 1.37994418e-02, -5.41236348e-05, -2.85393819e-02]]],\n",
       " \n",
       " \n",
       "        [[[-1.90434115e-02, -1.02242679e-02, -5.88197409e-03],\n",
       "          [-1.02242679e-02, -1.57881933e-02,  3.32395487e-03],\n",
       "          [-5.88197409e-03,  3.32395487e-03, -2.03799687e-02]],\n",
       " \n",
       "         [[-1.02242679e-02, -1.57881933e-02,  3.32395487e-03],\n",
       "          [-1.57881933e-02, -2.79513773e-02,  1.19244282e-03],\n",
       "          [ 3.32395487e-03,  1.19244282e-03, -1.01953681e-02]],\n",
       " \n",
       "         [[-5.88197409e-03,  3.32395487e-03, -2.03799687e-02],\n",
       "          [ 3.32395487e-03,  1.19244282e-03, -1.01953681e-02],\n",
       "          [-2.03799687e-02, -1.01953681e-02, -2.03464658e-02]]],\n",
       " \n",
       " \n",
       "        [[[-1.77778492e-02,  9.24185806e-03, -6.78963703e-03],\n",
       "          [ 9.24185806e-03, -1.58034710e-02, -3.27820098e-03],\n",
       "          [-6.78963703e-03, -3.27820098e-03, -1.95273293e-02]],\n",
       " \n",
       "         [[ 9.24185806e-03, -1.58034710e-02, -3.27820098e-03],\n",
       "          [-1.58034710e-02,  3.01929056e-02,  8.75936788e-04],\n",
       "          [-3.27820098e-03,  8.75936788e-04,  9.53317212e-03]],\n",
       " \n",
       "         [[-6.78963703e-03, -3.27820098e-03, -1.95273293e-02],\n",
       "          [-3.27820098e-03,  8.75936788e-04,  9.53317212e-03],\n",
       "          [-1.95273293e-02,  9.53317212e-03, -2.22556689e-02]]],\n",
       " \n",
       " \n",
       "        [[[-1.69449801e-02, -1.65866022e-04,  1.11922221e-02],\n",
       "          [-1.65866022e-04, -2.10294034e-02,  3.79340414e-04],\n",
       "          [ 1.11922221e-02,  3.79340414e-04, -1.37996268e-02]],\n",
       " \n",
       "         [[-1.65866022e-04, -2.10294034e-02,  3.79340414e-04],\n",
       "          [-2.10294034e-02,  3.11425047e-03,  1.79493788e-02],\n",
       "          [ 3.79340414e-04,  1.79493788e-02,  5.66874783e-05]],\n",
       " \n",
       "         [[ 1.11922221e-02,  3.79340414e-04, -1.37996268e-02],\n",
       "          [ 3.79340414e-04,  1.79493788e-02,  5.66874783e-05],\n",
       "          [-1.37996268e-02,  5.66874783e-05,  2.85390361e-02]]]]), energy=array(-79.70464087), charge_model_charges=None, alpha_density=array([[ 9.68470493e-01,  1.77875668e-02,  3.81606848e-02, ...,\n",
       "          2.64155335e-06, -5.91364564e-04,  2.08583036e-05],\n",
       "        [ 1.77875668e-02,  2.45016929e-01,  4.06939050e-02, ...,\n",
       "         -3.46876634e-05, -9.38405179e-05, -4.38449063e-06],\n",
       "        [ 3.81606848e-02,  4.06939050e-02,  1.67266285e-02, ...,\n",
       "         -6.80351173e-06,  1.51161620e-04, -5.10532365e-06],\n",
       "        ...,\n",
       "        [ 2.64155335e-06, -3.46876634e-05, -6.80351173e-06, ...,\n",
       "          5.88753967e-05, -2.84891739e-07,  7.79496267e-06],\n",
       "        [-5.91364564e-04, -9.38405179e-05,  1.51161620e-04, ...,\n",
       "         -2.84891739e-07,  6.01682171e-05, -1.61658957e-07],\n",
       "        [ 2.08583036e-05, -4.38449063e-06, -5.10532365e-06, ...,\n",
       "          7.79496267e-06, -1.61658957e-07,  4.24917303e-05]]), beta_density=array([[ 9.68470493e-01,  1.77875668e-02,  3.81606848e-02, ...,\n",
       "          2.64155335e-06, -5.91364564e-04,  2.08583036e-05],\n",
       "        [ 1.77875668e-02,  2.45016929e-01,  4.06939050e-02, ...,\n",
       "         -3.46876634e-05, -9.38405179e-05, -4.38449063e-06],\n",
       "        [ 3.81606848e-02,  4.06939050e-02,  1.67266285e-02, ...,\n",
       "         -6.80351173e-06,  1.51161620e-04, -5.10532365e-06],\n",
       "        ...,\n",
       "        [ 2.64155335e-06, -3.46876634e-05, -6.80351173e-06, ...,\n",
       "          5.88753967e-05, -2.84891739e-07,  7.79496267e-06],\n",
       "        [-5.91364564e-04, -9.38405179e-05,  1.51161620e-04, ...,\n",
       "         -2.84891739e-07,  6.01682171e-05, -1.61658957e-07],\n",
       "        [ 2.08583036e-05, -4.38449063e-06, -5.10532365e-06, ...,\n",
       "          7.79496267e-06, -1.61658957e-07,  4.24917303e-05]]))]"
      ]
     },
     "execution_count": 107,
     "metadata": {},
     "output_type": "execute_result"
    }
   ],
   "source": [
    "benchdb.retrieve('CC')"
   ]
  },
  {
   "cell_type": "markdown",
   "metadata": {},
   "source": [
    "Now lets combine the outputs of the CCSD database with the DFT calculations from our local qcarchive instance. "
   ]
  },
  {
   "cell_type": "code",
   "execution_count": 108,
   "metadata": {},
   "outputs": [
    {
     "name": "stdout",
     "output_type": "stream",
     "text": [
      "Brc1ccccc1\n",
      "Brc1cc[nH]c1\n",
      "c1ccccc1\n",
      "C1CCNC1\n",
      "C1CC[NH2+]CC1\n",
      "C1CCOC1\n",
      "c1ccsc1\n",
      "c1c[nH+]c[nH]1\n",
      "CC\n",
      "Cc1c[nH]c2ccccc12\n",
      "CC(C)F\n",
      "CC(C)=O\n",
      "CCO\n",
      "CCOB(O)O\n",
      "CC(=O)[O-]\n",
      "CC(=O)O\n",
      "CCS\n",
      "CCSC\n",
      "Clc1ccccc1\n",
      "Clc1cccnc1\n",
      "COC\n",
      "COC[B-](F)(F)F\n",
      "COCC(F)(F)F\n",
      "CO[Si](C)(C)O\n",
      "C[Si]1(C)CCCC1\n",
      "CS(=O)(=O)[O-]\n",
      "Fc1ccccc1\n",
      "Fc1cccc(F)c1F\n",
      "Nc1ccccc1\n",
      "N#Cc1ccccc1\n",
      "Oc1ccccc1\n",
      "O=C1CCCN1\n",
      "[O-]c1ccsn1\n",
      "[S-]c1ccccc1\n"
     ]
    }
   ],
   "source": [
    "prop_store = benchdb\n",
    "smiles_list = df['molecule'].unique()\n",
    "add_data = []\n",
    "for mol in smiles_list:\n",
    "    print(mol)\n",
    "    try:\n",
    "        item =  prop_store.retrieve(smiles=mol,method='ccsd',basis='aug-cc-pvtz')\n",
    "        record_data = {\n",
    "                \"specification\": 'ccsd-aug-cc-pVTZP',\n",
    "                \"molecule\": mol,\n",
    "                \"tagged_smiles\":item[0].tagged_smiles,\n",
    "                \"basis\": 'aug-cc-pVTZP',\n",
    "                \"conformer_geom\": item[0].conformer,\n",
    "                \"dipole\": item[0].dipole,\n",
    "                \"charges\": item[0].mbis_charges.flatten(),\n",
    "                \"mbis dipoles\": item[0].mbis_dipole.flatten(),\n",
    "                \"mbis quadrupoles\": item[0].mbis_quadropole.flatten(),\n",
    "                \"esp\": item[0].esp_quantity,\n",
    "                \"grid\": item[0].grid_coordinates_quantity,\n",
    "            }\n",
    "        add_data.append(record_data)\n",
    "    except IndexError:\n",
    "        continue\n",
    "df_ccsd = pd.DataFrame(add_data)\n",
    "\n",
    "df = pd.concat([df,df_ccsd], axis=0)\n"
   ]
  },
  {
   "cell_type": "code",
   "execution_count": 109,
   "metadata": {},
   "outputs": [
    {
     "name": "stdout",
     "output_type": "stream",
     "text": [
      "Dictionary of SMILES and conformer geometries has been saved to 'smiles_conformers.pkl'.\n"
     ]
    }
   ],
   "source": [
    "#build a pickle file of the databse for running later. \n",
    "if 'molecule' not in df.columns or 'conformer_geom' not in df.columns:\n",
    "    raise ValueError(\"DataFrame must contain 'molecule' and 'conformer_geom' columns.\")\n",
    "\n",
    "df = df.dropna(subset=['molecule', 'conformer_geom'])\n",
    "\n",
    "smiles_conformers_dict = {}\n",
    "\n",
    "grouped = df.groupby('molecule')\n",
    "\n",
    "for smiles, group in grouped:\n",
    "    conformer_geoms = group['conformer_geom'].tolist()\n",
    "    smiles_conformers_dict[smiles] = conformer_geoms\n",
    "\n",
    "output_file = 'smiles_conformers.pkl'\n",
    "\n",
    "with open(output_file, 'wb') as f:\n",
    "    pickle.dump(smiles_conformers_dict, f)\n",
    "\n",
    "print(f\"Dictionary of SMILES and conformer geometries has been saved to '{output_file}'.\")\n"
   ]
  },
  {
   "cell_type": "markdown",
   "metadata": {},
   "source": [
    "Now, build a pivot table of the methods and molecules for easier plotting. "
   ]
  },
  {
   "cell_type": "code",
   "execution_count": 110,
   "metadata": {},
   "outputs": [
    {
     "data": {
      "text/html": [
       "<div>\n",
       "<style scoped>\n",
       "    .dataframe tbody tr th:only-of-type {\n",
       "        vertical-align: middle;\n",
       "    }\n",
       "\n",
       "    .dataframe tbody tr th {\n",
       "        vertical-align: top;\n",
       "    }\n",
       "\n",
       "    .dataframe thead th {\n",
       "        text-align: right;\n",
       "    }\n",
       "</style>\n",
       "<table border=\"1\" class=\"dataframe\">\n",
       "  <thead>\n",
       "    <tr style=\"text-align: right;\">\n",
       "      <th>specification</th>\n",
       "      <th>molecule</th>\n",
       "      <th>B3LYP-6-311G*-ddx-4 COSMO</th>\n",
       "      <th>B3LYP-6-31G*-ddx-4 COSMO</th>\n",
       "      <th>B3LYP-def2-svpd-ddx-4 COSMO</th>\n",
       "      <th>B3LYP-def2-tzvp-ddx-4 COSMO</th>\n",
       "      <th>B3LYP-def2-tzvpd-ddx-4 COSMO</th>\n",
       "      <th>B3LYP-def2-tzvpp-ddx-4 COSMO</th>\n",
       "      <th>B3LYP-def2-tzvppd-ddx-4 COSMO</th>\n",
       "      <th>HF-6-311G*-ddx-4 COSMO</th>\n",
       "      <th>HF-6-31G*-ddx-4 COSMO</th>\n",
       "      <th>...</th>\n",
       "      <th>WB97M-D3BJ-def2-tzvpp-ddx-4 COSMO</th>\n",
       "      <th>WB97M-D3BJ-def2-tzvppd-ddx-4 COSMO</th>\n",
       "      <th>WB97X-D-6-311G*-ddx-4 COSMO</th>\n",
       "      <th>WB97X-D-6-31G*-ddx-4 COSMO</th>\n",
       "      <th>WB97X-D-def2-svpd-ddx-4 COSMO</th>\n",
       "      <th>WB97X-D-def2-tzvp-ddx-4 COSMO</th>\n",
       "      <th>WB97X-D-def2-tzvpd-ddx-4 COSMO</th>\n",
       "      <th>WB97X-D-def2-tzvpp-ddx-4 COSMO</th>\n",
       "      <th>WB97X-D-def2-tzvppd-ddx-4 COSMO</th>\n",
       "      <th>ccsd-aug-cc-pVTZP</th>\n",
       "    </tr>\n",
       "  </thead>\n",
       "  <tbody>\n",
       "    <tr>\n",
       "      <th>0</th>\n",
       "      <td>Brc1cc[nH]c1</td>\n",
       "      <td>[-1.2953943231918856, -0.5252076718872747, -0....</td>\n",
       "      <td>[-1.3118822892410549, -0.5110151770381801, -0....</td>\n",
       "      <td>[-1.2603348337478621, -0.4971843054870426, -0....</td>\n",
       "      <td>[-1.2706383862526422, -0.5051492461239029, -0....</td>\n",
       "      <td>[-1.24649691118924, -0.4906426545635796, -0.13...</td>\n",
       "      <td>[-1.261662481162631, -0.5008752368520035, -0.1...</td>\n",
       "      <td>[-1.2461721466539757, -0.4900746361492061, -0....</td>\n",
       "      <td>[-1.3886944899277864, -0.5438494968748309, -0....</td>\n",
       "      <td>[-1.3983428621718588, -0.5243996013981249, -0....</td>\n",
       "      <td>...</td>\n",
       "      <td>[-1.2739920154524498, -0.5108837101104502, -0....</td>\n",
       "      <td>[-1.260337842416618, -0.5004050087313505, -0.1...</td>\n",
       "      <td>[-1.313044223743077, -0.5348799317732471, -0.1...</td>\n",
       "      <td>[-1.325433384466919, -0.518971197646783, -0.14...</td>\n",
       "      <td>[-1.2913230936453601, -0.5080369146707948, -0....</td>\n",
       "      <td>[-1.296100343016576, -0.5171397170871401, -0.1...</td>\n",
       "      <td>[-1.271358677022647, -0.5038106483895959, -0.1...</td>\n",
       "      <td>[-1.2866187386722174, -0.5117436542837766, -0....</td>\n",
       "      <td>[-1.270006860333325, -0.5022571140716092, -0.1...</td>\n",
       "      <td>[-1.2333162800917705, -0.4930380861029402, -0....</td>\n",
       "    </tr>\n",
       "    <tr>\n",
       "      <th>1</th>\n",
       "      <td>Brc1ccccc1</td>\n",
       "      <td>[-0.7070148411128798, -0.037632012198887566, -...</td>\n",
       "      <td>[-0.7504798607498628, -0.03994425563852033, -0...</td>\n",
       "      <td>[-0.7019719494553271, -0.037361270264899105, -...</td>\n",
       "      <td>[-0.6987129182177512, -0.0371895897292962, -0....</td>\n",
       "      <td>[-0.6965723194471138, -0.037075359365035254, -...</td>\n",
       "      <td>[-0.6944060501369904, -0.03696026915674544, -0...</td>\n",
       "      <td>[-0.6968127625872853, -0.03708809158927373, -0...</td>\n",
       "      <td>[-0.8172765019907899, -0.04349179361430444, -0...</td>\n",
       "      <td>[-0.8596626760912045, -0.04574684031043752, -0...</td>\n",
       "      <td>...</td>\n",
       "      <td>[-0.705223227594928, -0.03753125985587502, -0....</td>\n",
       "      <td>[-0.7090718255441857, -0.03773500922595119, -0...</td>\n",
       "      <td>[-0.7238867832255096, -0.038527590816094914, -...</td>\n",
       "      <td>[-0.7640135025320376, -0.04066250985915154, -0...</td>\n",
       "      <td>[-0.732919402610662, -0.0390041489275017, -0.0...</td>\n",
       "      <td>[-0.7204711400198107, -0.03834256835436811, -0...</td>\n",
       "      <td>[-0.7150087787327948, -0.03805095469581943, -0...</td>\n",
       "      <td>[-0.7173478152137136, -0.03817617527982087, -0...</td>\n",
       "      <td>[-0.7156239288629251, -0.0380836004278482, -0....</td>\n",
       "      <td>NaN</td>\n",
       "    </tr>\n",
       "    <tr>\n",
       "      <th>2</th>\n",
       "      <td>C1CCNC1</td>\n",
       "      <td>[-0.05340733622930216, 0.07182754499833566, 0....</td>\n",
       "      <td>[-0.040306160275938474, 0.05983945598220153, 0...</td>\n",
       "      <td>[-0.03508005739546949, 0.056428395755045546, 0...</td>\n",
       "      <td>[-0.03906031082588246, 0.058699069660290704, 0...</td>\n",
       "      <td>[-0.03219053856960663, 0.05356931587712177, 0....</td>\n",
       "      <td>[-0.03849316642676026, 0.057787212422743206, 0...</td>\n",
       "      <td>[-0.032267689292735824, 0.05361065450987068, 0...</td>\n",
       "      <td>[-0.03622914786590847, 0.060269069645700224, 0...</td>\n",
       "      <td>[-0.023416313261286348, 0.04944599764160662, 0...</td>\n",
       "      <td>...</td>\n",
       "      <td>[-0.03768384362811794, 0.05807079435683127, 0....</td>\n",
       "      <td>[-0.03208273488453983, 0.05450675795946358, 0....</td>\n",
       "      <td>[-0.04850822903431773, 0.06908904968048724, 0....</td>\n",
       "      <td>[-0.034715001411026236, 0.05666578367788455, 0...</td>\n",
       "      <td>[-0.03050763573996562, 0.053861670084889735, 0...</td>\n",
       "      <td>[-0.03754108083918162, 0.05882203199288005, 0....</td>\n",
       "      <td>[-0.03208415238814499, 0.0547786966800925, 0.3...</td>\n",
       "      <td>[-0.0355803450061245, 0.05665928398685738, 0.3...</td>\n",
       "      <td>[-0.031276171104672734, 0.05406370288403339, 0...</td>\n",
       "      <td>[-0.026712145542145294, 0.05056951378575869, 0...</td>\n",
       "    </tr>\n",
       "    <tr>\n",
       "      <th>3</th>\n",
       "      <td>C1CCOC1</td>\n",
       "      <td>[-0.5432887901474004, 0.3476876857324278, -0.1...</td>\n",
       "      <td>[-0.5354847203230602, 0.3426869544644493, -0.1...</td>\n",
       "      <td>[-0.5656917949597151, 0.36203375817628647, -0....</td>\n",
       "      <td>[-0.5413539051448968, 0.3464536559728657, -0.1...</td>\n",
       "      <td>[-0.5470675531582252, 0.35011504926654524, -0....</td>\n",
       "      <td>[-0.5378627330490886, 0.34422068017565977, -0....</td>\n",
       "      <td>[-0.5468231945293454, 0.3499589508983316, -0.1...</td>\n",
       "      <td>[-0.6050645442135583, 0.38722348449260124, -0....</td>\n",
       "      <td>[-0.6089516191497442, 0.38970623134099647, -0....</td>\n",
       "      <td>...</td>\n",
       "      <td>[-0.540703369123591, 0.3460410046916813, -0.17...</td>\n",
       "      <td>[-0.5491844789073141, 0.35147057733088616, -0....</td>\n",
       "      <td>[-0.5584826981067579, 0.35741596576055557, -0....</td>\n",
       "      <td>[-0.5568201656828009, 0.35634550791492714, -0....</td>\n",
       "      <td>[-0.5716284306074471, 0.3658340679103542, -0.1...</td>\n",
       "      <td>[-0.5484094225878291, 0.35097288653048153, -0....</td>\n",
       "      <td>[-0.5499234707849414, 0.35194424742820907, -0....</td>\n",
       "      <td>[-0.5447365664332793, 0.348623096463335, -0.17...</td>\n",
       "      <td>[-0.5499397270813482, 0.35195492672269424, -0....</td>\n",
       "      <td>NaN</td>\n",
       "    </tr>\n",
       "    <tr>\n",
       "      <th>4</th>\n",
       "      <td>C1CC[NH2+]CC1</td>\n",
       "      <td>[-1.3371391171957019, -0.9158238365329117, 0.1...</td>\n",
       "      <td>[-1.3502483128628815, -0.9247890923159525, 0.1...</td>\n",
       "      <td>[-1.310960732355822, -0.8979052859196233, 0.13...</td>\n",
       "      <td>[-1.3055081604737029, -0.8941621073948873, 0.1...</td>\n",
       "      <td>[-1.2936298884747872, -0.8860349330914814, 0.1...</td>\n",
       "      <td>[-1.299558901764033, -0.8900938090287727, 0.13...</td>\n",
       "      <td>[-1.292878009408168, -0.8855196708529411, 0.13...</td>\n",
       "      <td>[-1.3730323309458865, -0.9404638887922252, 0.1...</td>\n",
       "      <td>[-1.3800221946962945, -0.9452616915999109, 0.1...</td>\n",
       "      <td>...</td>\n",
       "      <td>[-1.307572589365219, -0.8955751829908887, 0.13...</td>\n",
       "      <td>[-1.3019449012711033, -0.8917219389469078, 0.1...</td>\n",
       "      <td>[-1.3510674903275577, -0.9253580727734765, 0.1...</td>\n",
       "      <td>[-1.3615444928799285, -0.9325309975590573, 0.1...</td>\n",
       "      <td>[-1.3236241585725685, -0.9065711962706593, 0.1...</td>\n",
       "      <td>[-1.32416959742579, -0.9069291467812115, 0.137...</td>\n",
       "      <td>[-1.3124756559033957, -0.8989285568122143, 0.1...</td>\n",
       "      <td>[-1.3153259233001129, -0.9008820316635737, 0.1...</td>\n",
       "      <td>[-1.3097122712381237, -0.8970389841538444, 0.1...</td>\n",
       "      <td>NaN</td>\n",
       "    </tr>\n",
       "    <tr>\n",
       "      <th>5</th>\n",
       "      <td>CC</td>\n",
       "      <td>[-8.363372757114185e-07, 6.863441450261076e-06...</td>\n",
       "      <td>[-6.750039072134228e-07, 5.386356284886595e-06...</td>\n",
       "      <td>[-7.551868916877424e-07, 5.601611102745707e-06...</td>\n",
       "      <td>[-5.099349191795e-07, 5.983590686542417e-06, 2...</td>\n",
       "      <td>[-4.756617171253197e-07, 5.670220620923594e-06...</td>\n",
       "      <td>[-4.941608047204227e-07, 5.681966593673593e-06...</td>\n",
       "      <td>[-4.772966493149511e-07, 5.642949473694259e-06...</td>\n",
       "      <td>[-7.194689349843131e-07, 7.563046751757341e-06...</td>\n",
       "      <td>[-6.38487956727829e-07, 6.300002988512965e-06,...</td>\n",
       "      <td>...</td>\n",
       "      <td>[-6.293174275029401e-07, 5.904115588428738e-06...</td>\n",
       "      <td>[-6.247410961890409e-07, 5.85939890274112e-06,...</td>\n",
       "      <td>[-7.162631141532927e-07, 6.732272919640625e-06...</td>\n",
       "      <td>[-6.463291740699262e-07, 5.494338674805199e-06...</td>\n",
       "      <td>[-6.299000414600187e-07, 5.5879906799560786e-0...</td>\n",
       "      <td>[-6.114082578001501e-07, 5.9805246879485185e-0...</td>\n",
       "      <td>[-5.914843432819339e-07, 5.67931356595941e-06,...</td>\n",
       "      <td>[-6.42468848788269e-07, 5.684710998821174e-06,...</td>\n",
       "      <td>[-6.422880147738397e-07, 5.685761368834363e-06...</td>\n",
       "      <td>[-5.879472021186327e-07, 5.4610909655224485e-0...</td>\n",
       "    </tr>\n",
       "    <tr>\n",
       "      <th>6</th>\n",
       "      <td>CC(=O)O</td>\n",
       "      <td>[-0.0876510201192282, -0.5970085703818455, 0.0...</td>\n",
       "      <td>[-0.09832699131881739, -0.6112030540777074, 0....</td>\n",
       "      <td>[-0.1858911079770742, -0.6702165222078147, 0.0...</td>\n",
       "      <td>[-0.1566696689185001, -0.65460672093187, 0.071...</td>\n",
       "      <td>[-0.19351863133005764, -0.6652481754690349, 0....</td>\n",
       "      <td>[-0.16679785314656925, -0.6595741918718012, 0....</td>\n",
       "      <td>[-0.1929208591685594, -0.6655390066106914, 0.0...</td>\n",
       "      <td>[-0.16794463013686212, -0.6645774601600944, 0....</td>\n",
       "      <td>[-0.1816933197075734, -0.6747276651778282, 0.0...</td>\n",
       "      <td>...</td>\n",
       "      <td>[-0.1670640559085541, -0.6596594455243956, 0.0...</td>\n",
       "      <td>[-0.19239251299841698, -0.6671068164806027, 0....</td>\n",
       "      <td>[-0.09412967130993621, -0.6114940260511226, 0....</td>\n",
       "      <td>[-0.10642808019632355, -0.6253034593532742, 0....</td>\n",
       "      <td>[-0.18851756145672738, -0.6810232296252057, 0....</td>\n",
       "      <td>[-0.15311838298188363, -0.6649392249892134, 0....</td>\n",
       "      <td>[-0.18415712134863682, -0.6743270128660122, 0....</td>\n",
       "      <td>[-0.16662568637108066, -0.670573041559047, 0.0...</td>\n",
       "      <td>[-0.18603123900587093, -0.6745393571762417, 0....</td>\n",
       "      <td>[-0.18978360109818126, -0.6322562103931855, 0....</td>\n",
       "    </tr>\n",
       "    <tr>\n",
       "      <th>7</th>\n",
       "      <td>CC(=O)[O-]</td>\n",
       "      <td>[-2.466353531513519, -0.021557005329044365, -0...</td>\n",
       "      <td>[-2.5087822628236722, -0.020566037513067847, -...</td>\n",
       "      <td>[-2.7000712681423025, -0.03419309118698133, -0...</td>\n",
       "      <td>[-2.6024197621971084, -0.028860587482318678, -...</td>\n",
       "      <td>[-2.6548755155612582, -0.034869183493859035, -...</td>\n",
       "      <td>[-2.5959522739222933, -0.028440810401981376, -...</td>\n",
       "      <td>[-2.6528066503963075, -0.034553596686077825, -...</td>\n",
       "      <td>[-2.752227247108898, -0.03157096944309057, -0....</td>\n",
       "      <td>[-2.76577644893824, -0.03159330284805595, -0.0...</td>\n",
       "      <td>...</td>\n",
       "      <td>[-2.639418355946624, -0.029683184058110823, -0...</td>\n",
       "      <td>[-2.6967522707553044, -0.03481501138632831, -0...</td>\n",
       "      <td>[-2.5428705161968708, -0.02259608599542684, -0...</td>\n",
       "      <td>[-2.5707061532165767, -0.021535822713066644, -...</td>\n",
       "      <td>[-2.7431264833431257, -0.034756833468335024, -...</td>\n",
       "      <td>[-2.6577927063416524, -0.029909431111053708, -...</td>\n",
       "      <td>[-2.6974948118136197, -0.034725902074750015, -...</td>\n",
       "      <td>[-2.6518728972026366, -0.029382534459683085, -...</td>\n",
       "      <td>[-2.696684518662522, -0.0343915822855595, -0.0...</td>\n",
       "      <td>[-2.6966309375719746, -0.036793406640808546, -...</td>\n",
       "    </tr>\n",
       "    <tr>\n",
       "      <th>8</th>\n",
       "      <td>CC(C)=O</td>\n",
       "      <td>[0.010019690632135314, -0.9124266509691914, 0....</td>\n",
       "      <td>[0.009886442411404683, -0.9003094429459892, 0....</td>\n",
       "      <td>[0.011034151522416824, -1.0047989534780122, 0....</td>\n",
       "      <td>[0.010566940447557238, -0.9622314524019338, 0....</td>\n",
       "      <td>[0.010840946986293787, -0.9871954355979646, 0....</td>\n",
       "      <td>[0.01057408897237222, -0.9628946935551319, 0.5...</td>\n",
       "      <td>[0.010841819249448381, -0.9872782795705568, 0....</td>\n",
       "      <td>[0.011447648640675656, -1.0424062216532484, 0....</td>\n",
       "      <td>[0.011362079394721558, -1.034611395043619, 0.6...</td>\n",
       "      <td>...</td>\n",
       "      <td>[0.010570627452977543, -0.9625987358653312, 0....</td>\n",
       "      <td>[0.010855148197587372, -0.9885131818349855, 0....</td>\n",
       "      <td>[0.010319906893027697, -0.9397945541409776, 0....</td>\n",
       "      <td>[0.01022219034118299, -0.9309131213259327, 0.5...</td>\n",
       "      <td>[0.01121509291341427, -1.0213008387239917, 0.6...</td>\n",
       "      <td>[0.010732653786108992, -0.9773556350913886, 0....</td>\n",
       "      <td>[0.010933747398736315, -0.9956815385418416, 0....</td>\n",
       "      <td>[0.010748612551121806, -0.9788276292167666, 0....</td>\n",
       "      <td>[0.010939660049581246, -0.9962271352060199, 0....</td>\n",
       "      <td>[0.010470037688955436, -0.9534418378565128, 0....</td>\n",
       "    </tr>\n",
       "    <tr>\n",
       "      <th>9</th>\n",
       "      <td>CC(C)F</td>\n",
       "      <td>[0.05912807740273829, -0.6679968603702697, -0....</td>\n",
       "      <td>[0.05555539442267188, -0.6128590536204577, -0....</td>\n",
       "      <td>[0.06635235065213818, -0.7385019314042829, -0....</td>\n",
       "      <td>[0.06226749503390794, -0.6941001544731655, -0....</td>\n",
       "      <td>[0.06445760374788767, -0.7178328631683009, -0....</td>\n",
       "      <td>[0.06222132765578747, -0.692721708795748, -0.0...</td>\n",
       "      <td>[0.06442946692167029, -0.7175102280987424, -0....</td>\n",
       "      <td>[0.06885170158421827, -0.7770199519810461, -0....</td>\n",
       "      <td>[0.0654992531140719, -0.731870974079623, -0.10...</td>\n",
       "      <td>...</td>\n",
       "      <td>[0.062038174021710635, -0.6900904770322178, -0...</td>\n",
       "      <td>[0.06430701412706741, -0.7155787337829551, -0....</td>\n",
       "      <td>[0.061201169136114064, -0.6889634052669003, -0...</td>\n",
       "      <td>[0.05776297747849091, -0.6387042932904627, -0....</td>\n",
       "      <td>[0.06683835437506103, -0.7422628206341315, -0....</td>\n",
       "      <td>[0.06267620302413057, -0.6989811513978665, -0....</td>\n",
       "      <td>[0.06403644244955986, -0.7132364134293496, -0....</td>\n",
       "      <td>[0.06268590625169734, -0.6979504000980619, -0....</td>\n",
       "      <td>[0.06403499994653439, -0.7132181833463171, -0....</td>\n",
       "      <td>[0.06456014464451565, -0.7196493711461187, -0....</td>\n",
       "    </tr>\n",
       "    <tr>\n",
       "      <th>10</th>\n",
       "      <td>CCO</td>\n",
       "      <td>[0.3574657140605435, -0.013873689314436888, -0...</td>\n",
       "      <td>[0.3543832380990093, -0.0035532225862811018, -...</td>\n",
       "      <td>[0.4000936181553687, -0.07510836605911209, -0....</td>\n",
       "      <td>[0.3683601293385461, -0.03657587664660955, -0....</td>\n",
       "      <td>[0.38322505842005405, -0.0665590316087874, -0....</td>\n",
       "      <td>[0.3629382835311574, -0.04082665631666682, -0....</td>\n",
       "      <td>[0.3829296882291171, -0.06631780698880707, -0....</td>\n",
       "      <td>[0.4174388153452444, -0.05157753652290609, -0....</td>\n",
       "      <td>[0.4162209776376127, -0.05479941076433814, -0....</td>\n",
       "      <td>...</td>\n",
       "      <td>[0.3658202886344153, -0.040314769862706434, -0...</td>\n",
       "      <td>[0.3855366734956345, -0.06481577327554522, -0....</td>\n",
       "      <td>[0.3771942536865627, -0.020644661044855184, -0...</td>\n",
       "      <td>[0.3743073322908739, -0.015166138104833138, -0...</td>\n",
       "      <td>[0.4079589390507916, -0.07569731499680543, -0....</td>\n",
       "      <td>[0.3765570102399831, -0.03748295291409676, -0....</td>\n",
       "      <td>[0.38493167088765823, -0.061548033800622015, -...</td>\n",
       "      <td>[0.3712851267413786, -0.04418303921764011, -0....</td>\n",
       "      <td>[0.3852131393448808, -0.0631181031891348, -0.5...</td>\n",
       "      <td>[0.3893203584998144, -0.07508604650575013, -0....</td>\n",
       "    </tr>\n",
       "    <tr>\n",
       "      <th>11</th>\n",
       "      <td>CCOB(O)O</td>\n",
       "      <td>[-1.2870062265394253, -0.23759811569409428, 0....</td>\n",
       "      <td>[-1.2183579641037525, -0.2035724727719901, 0.1...</td>\n",
       "      <td>[-1.2761857921261637, -0.18070143873357558, 0....</td>\n",
       "      <td>[-1.2468316926983576, -0.1992498836736072, 0.1...</td>\n",
       "      <td>[-1.2377394559711803, -0.17979480854041763, 0....</td>\n",
       "      <td>[-1.2301124677784756, -0.18850089700695405, 0....</td>\n",
       "      <td>[-1.2372743336999292, -0.17968777500319888, 0....</td>\n",
       "      <td>[-1.4162070558506699, -0.23306508347947053, 0....</td>\n",
       "      <td>[-1.3714488349815142, -0.20479837289509306, 0....</td>\n",
       "      <td>...</td>\n",
       "      <td>[-1.2328582612657328, -0.18607043951302682, 0....</td>\n",
