{
 "cells": [
  {
   "cell_type": "code",
   "execution_count": 45,
   "metadata": {},
   "outputs": [],
   "source": [
    "from qcportal import PortalClient\n",
    "from openff.toolkit.topology import Molecule\n",
    "from chargecraft.storage.storage import MoleculePropStore\n",
    "from sklearn.metrics import mean_squared_error\n",
    "from rdkit import Chem\n",
    "from rdkit.Chem import Draw\n",
    "\n",
    "import pandas as pd\n",
    "import seaborn as sns\n",
    "import pickle\n",
    "import numpy as np\n",
    "import matplotlib.pyplot as plt\n",
    "import matplotlib as mpl"
   ]
  },
  {
   "cell_type": "markdown",
   "metadata": {},
   "source": [
    "Build a dataframe from the local qcarchive"
   ]
  },
  {
   "cell_type": "code",
   "execution_count": null,
   "metadata": {},
   "outputs": [],
   "source": [
    "DATASET_NAME = \"\"\n",
    "\n",
    "client = PortalClient(address=\"\")\n",
    "\n",
    "dataset = client.get_dataset(dataset_type=\"singlepoint\", dataset_name=DATASET_NAME)\n",
    "\n",
    "add_data = []\n",
    "for spec in dataset.specification_names:\n",
    "    for index, _, record in dataset.iterate_records(specification_names=spec, status=\"complete\"):\n",
    "        record_data = {\n",
    "            \"specification\": spec,\n",
    "            \"molecule\": index,\n",
    "            \"tagged_smiles\":Molecule.from_qcschema(record.molecule).to_smiles(mapped = True),\n",
    "            \"basis\": record.specification.basis,\n",
    "            \"method\": record.specification.method,\n",
    "            \"conformer_geom\" : Molecule.from_qcschema(record.molecule).conformers[0].m,\n",
    "            \"dipole\": record.properties[\"scf dipole\"],\n",
    "            \"charges\": record.properties[\"mbis charges\"],\n",
    "            \"mbis dipoles\": record.properties[\"mbis dipoles\"],\n",
    "            \"mbis quadrupoles\": record.properties[\"mbis quadrupoles\"],\n",
    "            \"wall time\": record.provenance.wall_time\n",
    "        }\n",
    "        add_data.append(record_data)\n",
    "\n",
    "df = pd.DataFrame(add_data)\n",
    "df.to_csv(\"benchmark_data.csv\")\n",
    "df"
   ]
  },
  {
   "cell_type": "markdown",
   "metadata": {},
   "source": [
    "Now, check if we can access the CCSD database using the chargecraft code. The list() method lists all the smiles present in the database."
   ]
  },
  {
   "cell_type": "code",
   "execution_count": 47,
   "metadata": {},
   "outputs": [
    {
     "data": {
      "text/plain": [
       "['CC(C)F',\n",
       " '[O-]c1ccsn1',\n",
       " 'Clc1cccnc1',\n",
       " 'Brc1cc[nH]c1',\n",
       " 'COCC(F)(F)F',\n",
       " 'CCOB(O)O',\n",
       " 'O=C1CCCN1',\n",
       " 'Fc1ccccc1',\n",
       " 'CC(=O)O',\n",
       " 'COC',\n",
       " 'CCO',\n",
       " 'CC(C)=O',\n",
       " 'CC(=O)[O-]',\n",
       " 'Clc1ccccc1',\n",
       " 'c1c[nH+]c[nH]1',\n",
       " 'C1CCNC1',\n",
       " 'CC',\n",
       " 'CCSC',\n",
       " 'CCS']"
      ]
     },
     "execution_count": 47,
     "metadata": {},
     "output_type": "execute_result"
    }
   ],
   "source": [
    "# benchdb = MoleculePropStore('./database.db')\n",
    "benchdb = MoleculePropStore('/Users/localadmin/ccsd_data.db')\n",
    "benchdb.list()"
   ]
  },
  {
   "cell_type": "markdown",
   "metadata": {},
   "source": [
    "You can retrieve items by running .retrieve([smiles]) on the MoleculePropStore object. "
   ]
  },
  {
   "cell_type": "code",
   "execution_count": 48,
   "metadata": {},
   "outputs": [
    {
     "data": {
      "text/plain": [
       "[MoleculePropRecord(tagged_smiles='[C:1]([C:2]([H:6])([H:7])[H:8])([H:3])([H:4])[H:5]', conformer=array([[-0.76121044,  0.01704435,  0.02132174],\n",
       "        [ 0.76121109, -0.01704159, -0.02132468],\n",
       "        [-1.16238031, -0.83813842,  0.56928049],\n",
       "        [-1.12460595,  0.92247717,  0.51188822],\n",
       "        [-1.18721113, -0.00656134, -0.98390396],\n",
       "        [ 1.12458527, -0.92240799, -0.5120533 ],\n",
       "        [ 1.16241327,  0.83822474, -0.5691178 ],\n",
       "        [ 1.1871982 ,  0.00640308,  0.98390928]]), grid_coordinates=array([[-3.8890873 , -1.06066017, -0.70710678],\n",
       "        [-3.8890873 , -1.06066017,  0.        ],\n",
       "        [-3.8890873 , -1.06066017,  0.70710678],\n",
       "        ...,\n",
       "        [ 3.8890873 ,  1.06066017, -0.70710678],\n",
       "        [ 3.8890873 ,  1.06066017,  0.        ],\n",
       "        [ 3.8890873 ,  1.06066017,  0.70710678]]), esp=array([[-0.00139294],\n",
       "        [-0.00151105],\n",
       "        [-0.00120838],\n",
       "        ...,\n",
       "        [-0.00120818],\n",
       "        [-0.00151079],\n",
       "        [-0.00139278]]), electric_field=array([[ 5.574136e-04,  2.863186e-04,  2.730338e-04],\n",
       "        [ 5.933982e-04,  4.447287e-04, -9.911410e-05],\n",
       "        [ 3.325336e-04,  4.882613e-04, -3.056252e-04],\n",
       "        ...,\n",
       "        [-3.324106e-04, -4.883701e-04,  3.055167e-04],\n",
       "        [-5.932165e-04, -4.448519e-04,  9.913230e-05],\n",
       "        [-5.573354e-04, -2.864222e-04, -2.729253e-04]]), esp_settings=ESPSettings(basis='aug-cc-pvtz', method='ccsd', grid_settings=LatticeGridSettings(type='fcc', spacing=0.5, inner_vdw_scale=1.4, outer_vdw_scale=2.0), pcm_settings=None, psi4_dft_grid_settings=<DFTGridSettings.Default: 'default'>, ddx_settings=None), mulliken_charges=array([-0.89050937, -0.89050615,  0.29683463,  0.29683774,  0.29683648,\n",
       "         0.29683241,  0.29683843,  0.29683582]), lowdin_charges=array([ 0.53153862,  0.53153827, -0.1771722 , -0.17717818, -0.17718933,\n",
       "        -0.17716651, -0.17717906, -0.17719162]), mbis_charges=array([[-0.34692407],\n",
       "        [-0.34692554],\n",
       "        [ 0.11564377],\n",
       "        [ 0.11564072],\n",
       "        [ 0.11564143],\n",
       "        [ 0.11564136],\n",
       "        [ 0.11564371],\n",
       "        [ 0.11564196]]), dipole=array([-5.87947202e-07,  5.46109097e-06,  2.04243823e-06]), quadropole=array([[-1.16391564e+01,  1.19816559e-02,  1.48934154e-02],\n",
       "        [ 1.19816559e-02, -1.11030755e+01, -3.39548168e-04],\n",
       "        [ 1.48934154e-02, -3.39548168e-04, -1.11032603e+01]]), mbis_dipole=array([[ 0.09844603, -0.00221598, -0.00275459],\n",
       "        [-0.09844592,  0.00222224,  0.0027527 ],\n",
       "        [-0.00750831, -0.04318791,  0.0271402 ],\n",
       "        [-0.00561792,  0.04514598,  0.02425882],\n",
       "        [-0.00874761, -0.0014676 , -0.05078798],\n",
       "        [ 0.00561458, -0.04514211, -0.02426884],\n",
       "        [ 0.00751227,  0.04319292, -0.02712969],\n",
       "        [ 0.00874653,  0.0014615 ,  0.05078832]]), mbis_quadropole=array([[[-5.03863704e+00,  2.80447229e-03,  3.50039049e-03],\n",
       "         [ 2.80447229e-03, -4.91353874e+00, -2.49852912e-05],\n",
       "         [ 3.50039049e-03, -2.49852912e-05, -4.91357464e+00]],\n",
       " \n",
       "        [[-5.03864217e+00,  2.80829786e-03,  3.50185598e-03],\n",
       "         [ 2.80829786e-03, -4.91354475e+00, -2.07933928e-05],\n",
       "         [ 3.50185598e-03, -2.07933928e-05, -4.91358017e+00]],\n",
       " \n",
       "        [[-5.12809984e-01, -6.51621377e-03,  3.64081236e-03],\n",
       "         [-6.51621377e-03, -5.25018055e-01,  1.85828875e-03],\n",
       "         [ 3.64081236e-03,  1.85828875e-03, -5.23771207e-01]],\n",
       " \n",
       "        [[-5.12264886e-01,  6.18225383e-03,  3.14725209e-03],\n",
       "         [ 6.18225383e-03, -5.25809507e-01, -1.88864982e-03],\n",
       "         [ 3.14725209e-03, -1.88864982e-03, -5.23529853e-01]],\n",
       " \n",
       "        [[-5.13172018e-01, -4.55622464e-04, -7.77245753e-03],\n",
       "         [-4.55622464e-04, -5.22447774e-01,  5.05932954e-05],\n",
       "         [-7.77245753e-03,  5.05932954e-05, -5.25968158e-01]],\n",
       " \n",
       "        [[-5.12269986e-01,  6.18247350e-03,  3.14762736e-03],\n",
       "         [ 6.18247350e-03, -5.25813940e-01, -1.88860765e-03],\n",
       "         [ 3.14762736e-03, -1.88860765e-03, -5.23534658e-01]],\n",
       " \n",
       "        [[-5.12806667e-01, -6.51604830e-03,  3.64044544e-03],\n",
       "         [-6.51604830e-03, -5.25015285e-01,  1.85847009e-03],\n",
       "         [ 3.64044544e-03,  1.85847009e-03, -5.23768327e-01]],\n",
       " \n",
       "        [[-5.13170766e-01, -4.55179430e-04, -7.77248900e-03],\n",
       "         [-4.55179430e-04, -5.22446260e-01,  5.16266089e-05],\n",
       "         [-7.77248900e-03,  5.16266089e-05, -5.25966959e-01]]]), mbis_octopole=array([[[[-1.41592425e-01,  1.95741172e-02,  2.47565838e-02],\n",
       "          [ 1.95741172e-02,  3.65072432e-01, -3.43387389e-03],\n",
       "          [ 2.47565838e-02, -3.43387389e-03,  3.73079286e-01]],\n",
       " \n",
       "         [[ 1.95741172e-02,  3.65072432e-01, -3.43387389e-03],\n",
       "          [ 3.65072432e-01, -3.82325005e-02, -1.49027895e-01],\n",
       "          [-3.43387389e-03, -1.49027895e-01,  5.23639975e-03]],\n",
       " \n",
       "         [[ 2.47565838e-02, -3.43387389e-03,  3.73079286e-01],\n",
       "          [-3.43387389e-03, -1.49027895e-01,  5.23639975e-03],\n",
       "          [ 3.73079286e-01,  5.23639975e-03,  1.07611141e-01]]],\n",
       " \n",
       " \n",
       "        [[[ 1.41594113e-01, -1.95585801e-02, -2.47561288e-02],\n",
       "          [-1.95585801e-02, -3.65074751e-01,  3.44269339e-03],\n",
       "          [-2.47561288e-02,  3.44269339e-03, -3.73078179e-01]],\n",
       " \n",
       "         [[-1.95585801e-02, -3.65074751e-01,  3.44269339e-03],\n",
       "          [-3.65074751e-01,  3.81716115e-02,  1.49035653e-01],\n",
       "          [ 3.44269339e-03,  1.49035653e-01, -5.10499517e-03]],\n",
       " \n",
       "         [[-2.47561288e-02,  3.44269339e-03, -3.73078179e-01],\n",
       "          [ 3.44269339e-03,  1.49035653e-01, -5.10499517e-03],\n",
       "          [-3.73078179e-01, -5.10499517e-03, -1.07635295e-01]]],\n",
       " \n",
       " \n",
       "        [[[ 1.77828087e-02, -9.24178391e-03,  6.79080414e-03],\n",
       "          [-9.24178391e-03,  1.58076976e-02,  3.27968243e-03],\n",
       "          [ 6.79080414e-03,  3.27968243e-03,  1.95273901e-02]],\n",
       " \n",
       "         [[-9.24178391e-03,  1.58076976e-02,  3.27968243e-03],\n",
       "          [ 1.58076976e-02, -3.01912231e-02, -8.72169912e-04],\n",
       "          [ 3.27968243e-03, -8.72169912e-04, -9.52800612e-03]],\n",
       " \n",
       "         [[ 6.79080414e-03,  3.27968243e-03,  1.95273901e-02],\n",
       "          [ 3.27968243e-03, -8.72169912e-04, -9.52800612e-03],\n",
       "          [ 1.95273901e-02, -9.52800612e-03,  2.22648717e-02]]],\n",
       " \n",
       " \n",
       "        [[[ 1.90382669e-02,  1.02239612e-02,  5.88139550e-03],\n",
       "          [ 1.02239612e-02,  1.57843403e-02, -3.32218932e-03],\n",
       "          [ 5.88139550e-03, -3.32218932e-03,  2.03799766e-02]],\n",
       " \n",
       "         [[ 1.02239612e-02,  1.57843403e-02, -3.32218932e-03],\n",
       "          [ 1.57843403e-02,  2.79523751e-02, -1.19569074e-03],\n",
       "          [-3.32218932e-03, -1.19569074e-03,  1.02001349e-02]],\n",
       " \n",
       "         [[ 5.88139550e-03, -3.32218932e-03,  2.03799766e-02],\n",
       "          [-3.32218932e-03, -1.19569074e-03,  1.02001349e-02],\n",
       "          [ 2.03799766e-02,  1.02001349e-02,  2.03366757e-02]]],\n",
       " \n",
       " \n",
       "        [[[ 1.69445785e-02,  1.68154938e-04, -1.11922329e-02],\n",
       "          [ 1.68154938e-04,  2.10288431e-02, -3.81512608e-04],\n",
       "          [-1.11922329e-02, -3.81512608e-04,  1.37994418e-02]],\n",
       " \n",
       "         [[ 1.68154938e-04,  2.10288431e-02, -3.81512608e-04],\n",
       "          [ 2.10288431e-02, -3.11691265e-03, -1.79491197e-02],\n",
       "          [-3.81512608e-04, -1.79491197e-02, -5.41236348e-05]],\n",
       " \n",
       "         [[-1.11922329e-02, -3.81512608e-04,  1.37994418e-02],\n",
       "          [-3.81512608e-04, -1.79491197e-02, -5.41236348e-05],\n",
       "          [ 1.37994418e-02, -5.41236348e-05, -2.85393819e-02]]],\n",
       " \n",
       " \n",
       "        [[[-1.90434115e-02, -1.02242679e-02, -5.88197409e-03],\n",
       "          [-1.02242679e-02, -1.57881933e-02,  3.32395487e-03],\n",
       "          [-5.88197409e-03,  3.32395487e-03, -2.03799687e-02]],\n",
       " \n",
       "         [[-1.02242679e-02, -1.57881933e-02,  3.32395487e-03],\n",
       "          [-1.57881933e-02, -2.79513773e-02,  1.19244282e-03],\n",
       "          [ 3.32395487e-03,  1.19244282e-03, -1.01953681e-02]],\n",
       " \n",
       "         [[-5.88197409e-03,  3.32395487e-03, -2.03799687e-02],\n",
       "          [ 3.32395487e-03,  1.19244282e-03, -1.01953681e-02],\n",
       "          [-2.03799687e-02, -1.01953681e-02, -2.03464658e-02]]],\n",
       " \n",
       " \n",
       "        [[[-1.77778492e-02,  9.24185806e-03, -6.78963703e-03],\n",
       "          [ 9.24185806e-03, -1.58034710e-02, -3.27820098e-03],\n",
       "          [-6.78963703e-03, -3.27820098e-03, -1.95273293e-02]],\n",
       " \n",
       "         [[ 9.24185806e-03, -1.58034710e-02, -3.27820098e-03],\n",
       "          [-1.58034710e-02,  3.01929056e-02,  8.75936788e-04],\n",
       "          [-3.27820098e-03,  8.75936788e-04,  9.53317212e-03]],\n",
       " \n",
       "         [[-6.78963703e-03, -3.27820098e-03, -1.95273293e-02],\n",
       "          [-3.27820098e-03,  8.75936788e-04,  9.53317212e-03],\n",
       "          [-1.95273293e-02,  9.53317212e-03, -2.22556689e-02]]],\n",
       " \n",
       " \n",
       "        [[[-1.69449801e-02, -1.65866022e-04,  1.11922221e-02],\n",
       "          [-1.65866022e-04, -2.10294034e-02,  3.79340414e-04],\n",
       "          [ 1.11922221e-02,  3.79340414e-04, -1.37996268e-02]],\n",
       " \n",
       "         [[-1.65866022e-04, -2.10294034e-02,  3.79340414e-04],\n",
       "          [-2.10294034e-02,  3.11425047e-03,  1.79493788e-02],\n",
       "          [ 3.79340414e-04,  1.79493788e-02,  5.66874783e-05]],\n",
       " \n",
       "         [[ 1.11922221e-02,  3.79340414e-04, -1.37996268e-02],\n",
       "          [ 3.79340414e-04,  1.79493788e-02,  5.66874783e-05],\n",
       "          [-1.37996268e-02,  5.66874783e-05,  2.85390361e-02]]]]), energy=array(-79.70464087), charge_model_charges=None, alpha_density=array([[ 9.68470493e-01,  1.77875668e-02,  3.81606848e-02, ...,\n",
       "          2.64155335e-06, -5.91364564e-04,  2.08583036e-05],\n",
       "        [ 1.77875668e-02,  2.45016929e-01,  4.06939050e-02, ...,\n",
       "         -3.46876634e-05, -9.38405179e-05, -4.38449063e-06],\n",
       "        [ 3.81606848e-02,  4.06939050e-02,  1.67266285e-02, ...,\n",
       "         -6.80351173e-06,  1.51161620e-04, -5.10532365e-06],\n",
       "        ...,\n",
       "        [ 2.64155335e-06, -3.46876634e-05, -6.80351173e-06, ...,\n",
       "          5.88753967e-05, -2.84891739e-07,  7.79496267e-06],\n",
       "        [-5.91364564e-04, -9.38405179e-05,  1.51161620e-04, ...,\n",
       "         -2.84891739e-07,  6.01682171e-05, -1.61658957e-07],\n",
       "        [ 2.08583036e-05, -4.38449063e-06, -5.10532365e-06, ...,\n",
       "          7.79496267e-06, -1.61658957e-07,  4.24917303e-05]]), beta_density=array([[ 9.68470493e-01,  1.77875668e-02,  3.81606848e-02, ...,\n",
       "          2.64155335e-06, -5.91364564e-04,  2.08583036e-05],\n",
       "        [ 1.77875668e-02,  2.45016929e-01,  4.06939050e-02, ...,\n",
       "         -3.46876634e-05, -9.38405179e-05, -4.38449063e-06],\n",
       "        [ 3.81606848e-02,  4.06939050e-02,  1.67266285e-02, ...,\n",
       "         -6.80351173e-06,  1.51161620e-04, -5.10532365e-06],\n",
       "        ...,\n",
       "        [ 2.64155335e-06, -3.46876634e-05, -6.80351173e-06, ...,\n",
       "          5.88753967e-05, -2.84891739e-07,  7.79496267e-06],\n",
       "        [-5.91364564e-04, -9.38405179e-05,  1.51161620e-04, ...,\n",
       "         -2.84891739e-07,  6.01682171e-05, -1.61658957e-07],\n",
       "        [ 2.08583036e-05, -4.38449063e-06, -5.10532365e-06, ...,\n",
       "          7.79496267e-06, -1.61658957e-07,  4.24917303e-05]]))]"
      ]
     },
     "execution_count": 48,
     "metadata": {},
     "output_type": "execute_result"
    }
   ],
   "source": [
    "benchdb.retrieve('CC')"
   ]
  },
  {
   "cell_type": "markdown",
   "metadata": {},
   "source": [
    "Now lets combine the outputs of the CCSD database with the DFT calculations from our local qcarchive instance. "
   ]
  },
  {
   "cell_type": "code",
   "execution_count": null,
   "metadata": {},
   "outputs": [
    {
     "name": "stdout",
     "output_type": "stream",
     "text": [
      "Brc1ccccc1\n",
      "Brc1cc[nH]c1\n",
      "c1ccccc1\n",
      "C1CCNC1\n",
      "C1CC[NH2+]CC1\n",
      "C1CCOC1\n",
      "c1ccsc1\n",
      "c1c[nH+]c[nH]1\n",
      "CC\n",
      "Cc1c[nH]c2ccccc12\n",
      "CC(C)F\n",
      "CC(C)=O\n",
      "CCO\n",
      "CCOB(O)O\n",
      "CC(=O)[O-]\n",
      "CC(=O)O\n",
      "CCS\n",
      "CCSC\n",
      "Clc1ccccc1\n",
      "Clc1cccnc1\n",
      "COC\n",
      "COC[B-](F)(F)F\n",
      "COCC(F)(F)F\n",
      "CO[Si](C)(C)O\n",
      "C[Si]1(C)CCCC1\n",
      "CS(=O)(=O)[O-]\n",
      "Fc1ccccc1\n",
      "Fc1cccc(F)c1F\n",
      "Nc1ccccc1\n",
      "N#Cc1ccccc1\n",
      "Oc1ccccc1\n",
      "O=C1CCCN1\n",
      "[O-]c1ccsn1\n",
      "[S-]c1ccccc1\n"
     ]
    }
   ],
   "source": [
    "prop_store = benchdb\n",
    "smiles_list = df['molecule'].unique()\n",
    "add_data = []\n",
    "for mol in smiles_list:\n",
    "    print(mol)\n",
    "    try:\n",
    "        item =  prop_store.retrieve(smiles=mol,method='ccsd',basis='aug-cc-pvtz')\n",
    "        record_data = {\n",
    "                \"specification\": 'ccsd-aug-cc-pVTZP',\n",
    "                \"molecule\": mol,\n",
    "                \"tagged_smiles\":item[0].tagged_smiles,\n",
    "                \"basis\": 'aug-cc-pVTZP',\n",
    "                \"conformer_geom\": item[0].conformer,\n",
    "                \"dipole\": item[0].dipole,\n",
    "                \"charges\": item[0].mbis_charges.flatten(),\n",
    "                \"mbis dipoles\": item[0].mbis_dipole.flatten(),\n",
    "                \"mbis quadrupoles\": item[0].mbis_quadropole.flatten(),\n",
    "                \"esp\": item[0].esp_quantity,\n",
    "                \"grid\": item[0].grid_coordinates_quantity,\n",
    "            }\n",
    "        add_data.append(record_data)\n",
    "    except IndexError:\n",
    "        continue\n",
    "df_ccsd = pd.DataFrame(add_data)\n",
    "\n",
    "df = pd.concat([df,df_ccsd], axis=0)\n"
   ]
  },
  {
   "cell_type": "code",
   "execution_count": null,
   "metadata": {},
   "outputs": [
    {
     "name": "stdout",
     "output_type": "stream",
     "text": [
      "Dictionary of SMILES and conformer geometries has been saved to 'smiles_conformers.pkl'.\n"
     ]
    }
   ],
   "source": [
    "#build a pickle file of the databse for running later. \n",
    "if 'molecule' not in df.columns or 'conformer_geom' not in df.columns:\n",
    "    raise ValueError(\"DataFrame must contain 'molecule' and 'conformer_geom' columns.\")\n",
    "\n",
    "df = df.dropna(subset=['molecule', 'conformer_geom'])\n",
    "\n",
    "smiles_conformers_dict = {}\n",
    "\n",
    "grouped = df.groupby('molecule')\n",
    "\n",
    "for smiles, group in grouped:\n",
    "    conformer_geoms = group['conformer_geom'].tolist()\n",
    "    smiles_conformers_dict[smiles] = conformer_geoms\n",
    "\n",
    "output_file = 'smiles_conformers.pkl'\n",
    "\n",
    "with open(output_file, 'wb') as f:\n",
    "    pickle.dump(smiles_conformers_dict, f)\n",
    "\n",
    "print(f\"Dictionary of SMILES and conformer geometries has been saved to '{output_file}'.\")\n"
   ]
  },
  {
   "cell_type": "code",
   "execution_count": 23,
   "metadata": {},
   "outputs": [
    {
     "data": {
      "text/html": [
       "<div>\n",
       "<style scoped>\n",
       "    .dataframe tbody tr th:only-of-type {\n",
       "        vertical-align: middle;\n",
       "    }\n",
       "\n",
       "    .dataframe tbody tr th {\n",
       "        vertical-align: top;\n",
       "    }\n",
       "\n",
       "    .dataframe thead th {\n",
       "        text-align: right;\n",
       "    }\n",
       "</style>\n",
       "<table border=\"1\" class=\"dataframe\">\n",
       "  <thead>\n",
       "    <tr style=\"text-align: right;\">\n",
       "      <th></th>\n",
       "      <th>specification</th>\n",
       "      <th>molecule</th>\n",
       "      <th>basis</th>\n",
       "      <th>conformer_geom</th>\n",
       "      <th>dipole</th>\n",
       "      <th>charges</th>\n",
       "      <th>mbis dipoles</th>\n",
       "      <th>mbis quadrupoles</th>\n",
       "      <th>wall time</th>\n",
       "      <th>esp</th>\n",
       "      <th>grid</th>\n",
       "    </tr>\n",
       "  </thead>\n",
       "  <tbody>\n",
       "    <tr>\n",
       "      <th>0</th>\n",
       "      <td>b3lyp-gas-6-311G*</td>\n",
       "      <td>c1ccccc1</td>\n",
       "      <td>6-311g*</td>\n",
       "      <td>[[0.797450858, -1.13261916, 0.014782105], [1.3...</td>\n",
       "      <td>[-3.886498263216964e-07, 1.0286883478372033e-0...</td>\n",
       "      <td>[-0.13426860392723794, -0.13421192811843438, -...</td>\n",
       "      <td>[-0.01720053700385921, 0.02445345646623114, -0...</td>\n",
       "      <td>[-4.597649893819507, -0.07531917616986908, 0.0...</td>\n",
       "      <td>6.960770</td>\n",
       "      <td>NaN</td>\n",
       "      <td>NaN</td>\n",
       "    </tr>\n",
       "    <tr>\n",
       "      <th>1</th>\n",
       "      <td>b3lyp-gas-6-311G*</td>\n",
       "      <td>CC(=O)O</td>\n",
       "      <td>6-311g*</td>\n",
       "      <td>[[-0.95521381, -0.09210192, 0.02388881], [0.48...</td>\n",
       "      <td>[-0.0948937395848759, -0.4347353235965983, 0.4...</td>\n",
       "      <td>[-0.6439346786505051, 0.8724046202580775, -0.6...</td>\n",
       "      <td>[-0.004950681591170853, -0.006333994248682766,...</td>\n",
       "      <td>[-5.408727723864018, -0.030558386203656696, 0....</td>\n",
       "      <td>5.870446</td>\n",
       "      <td>NaN</td>\n",
       "      <td>NaN</td>\n",
       "    </tr>\n",
       "    <tr>\n",
       "      <th>2</th>\n",
       "      <td>b3lyp-gas-6-311G*</td>\n",
       "      <td>CC1=CNc2c1cccc2</td>\n",
       "      <td>6-311g*</td>\n",
       "      <td>[[0.782144471, -1.37434457, -0.0555852664], [2...</td>\n",
       "      <td>[-0.337956801940134, 0.7475064269689398, 0.020...</td>\n",
       "      <td>[-0.15120110640614065, -0.18638628152719913, -...</td>\n",
       "      <td>[-0.013476627905181272, 0.024088711114842745, ...</td>\n",
       "      <td>[-4.624281648831343, 0.04687848583309527, 0.01...</td>\n",
       "      <td>25.055650</td>\n",
       "      <td>NaN</td>\n",
       "      <td>NaN</td>\n",
       "    </tr>\n",
       "    <tr>\n",
       "      <th>3</th>\n",
       "      <td>b3lyp-gas-6-311G*</td>\n",
       "      <td>C1=CSC=C1</td>\n",
       "      <td>6-311g*</td>\n",
       "      <td>[[-0.72163781, -0.68414587, 0.02046668], [-1.2...</td>\n",
       "      <td>[-0.001236046064678975, -0.23960597800886774, ...</td>\n",
       "      <td>[-0.14052328699850083, -0.25434291157352107, 0...</td>\n",
       "      <td>[0.030201661646623967, -0.0070997285206261754,...</td>\n",
       "      <td>[-4.587494295958781, 0.034725069509411156, -0....</td>\n",
       "      <td>6.886709</td>\n",
       "      <td>NaN</td>\n",
       "      <td>NaN</td>\n",
       "    </tr>\n",
       "    <tr>\n",
       "      <th>4</th>\n",
       "      <td>b3lyp-gas-6-311G*</td>\n",
       "      <td>C1CC(=O)NC1</td>\n",
       "      <td>6-311g*</td>\n",
       "      <td>[[-1.08211395, -0.173245427, -0.286185656], [0...</td>\n",
       "      <td>[-1.275382430344223, 0.806040393704107, 0.1873...</td>\n",
       "      <td>[-0.22537016319781847, -0.3948478035227246, 0....</td>\n",
       "      <td>[0.07230477550446505, -0.02228659485821772, 0....</td>\n",
       "      <td>[-4.679927077040721, 0.014174861418824538, -0....</td>\n",
       "      <td>11.669137</td>\n",
       "      <td>NaN</td>\n",
       "      <td>NaN</td>\n",
       "    </tr>\n",
       "    <tr>\n",
       "      <th>...</th>\n",
       "      <td>...</td>\n",
       "      <td>...</td>\n",
       "      <td>...</td>\n",
       "      <td>...</td>\n",
       "      <td>...</td>\n",
       "      <td>...</td>\n",
       "      <td>...</td>\n",
       "      <td>...</td>\n",
       "      <td>...</td>\n",
       "      <td>...</td>\n",
       "      <td>...</td>\n",
       "    </tr>\n",
       "    <tr>\n",
       "      <th>17</th>\n",
       "      <td>ccsd-aug-cc-pVTZP</td>\n",
       "      <td>B(O)(O)OCC</td>\n",
       "      <td>aug-cc-pVTZP</td>\n",
       "      <td>[[1.395478760461705, -0.2575718902638816, -0.2...</td>\n",
       "      <td>[-0.1565040716198567, -0.00852453958799515, 0....</td>\n",
       "      <td>[1.368196761676329, -0.976542941462522, -0.948...</td>\n",
       "      <td>[-0.003409342799467449, 0.013250815172248938, ...</td>\n",
       "      <td>[-2.0564888693886245, 0.003491760428842794, 0....</td>\n",
       "      <td>NaN</td>\n",
       "      <td>[[0.0010402629 hartree / elementary_charge], [...</td>\n",
       "      <td>[[-4.949747467084654 angstrom, -1.060660171372...</td>\n",
       "    </tr>\n",
       "    <tr>\n",
       "      <th>18</th>\n",
       "      <td>ccsd-aug-cc-pVTZP</td>\n",
       "      <td>CS(=O)(=O)[O-]</td>\n",
       "      <td>aug-cc-pVTZP</td>\n",
       "      <td>[[0.8979426107786764, 0.008963642815376621, 0....</td>\n",
       "      <td>[2.844646740388683, 0.028399159315774414, 0.04...</td>\n",
       "      <td>[-0.7629871869919886, 1.5451445588776083, -0.7...</td>\n",
       "      <td>[0.027127822615364113, 0.00024424033749874234,...</td>\n",
       "      <td>[-6.045731493524617, -0.002643440629861222, -0...</td>\n",
       "      <td>NaN</td>\n",
       "      <td>[[-0.1521779707 hartree / elementary_charge], ...</td>\n",
       "      <td>[[-4.242640687119285 angstrom, -1.060660171779...</td>\n",
       "    </tr>\n",
       "    <tr>\n",
       "      <th>19</th>\n",
       "      <td>ccsd-aug-cc-pVTZP</td>\n",
       "      <td>c1ccc(cc1)O</td>\n",
       "      <td>aug-cc-pVTZP</td>\n",
       "      <td>[[0.27803172806589543, -1.2408202751965889, -0...</td>\n",
       "      <td>[-0.14149602998615762, 0.017440759173660947, 0...</td>\n",
       "      <td>[-0.2947536442784639, -0.08196274468052646, -0...</td>\n",
       "      <td>[-0.037194774935808445, -0.01787292124310329, ...</td>\n",
       "      <td>[-4.9729895788255325, -0.03924419840554751, -0...</td>\n",
       "      <td>NaN</td>\n",
       "      <td>[[0.0065878062 hartree / elementary_charge], [...</td>\n",
       "      <td>[[-4.9497474678987725 angstrom, -0.35355339059...</td>\n",
       "    </tr>\n",
       "    <tr>\n",
       "      <th>20</th>\n",
       "      <td>ccsd-aug-cc-pVTZP</td>\n",
       "      <td>C1CCOC1</td>\n",
       "      <td>aug-cc-pVTZP</td>\n",
       "      <td>[[0.7137379234091891, -0.7384810326834739, 0.3...</td>\n",
       "      <td>[-0.026944096663241712, -0.6861731730010021, 0...</td>\n",
       "      <td>[-0.28584928378780144, -0.28327389073638337, 0...</td>\n",
       "      <td>[-0.058812139833100796, 0.014010420293634137, ...</td>\n",
       "      <td>[-4.843428714193155, -0.009796713850606369, -0...</td>\n",
       "      <td>NaN</td>\n",
       "      <td>[[0.0039441317 hartree / elementary_charge], [...</td>\n",
       "      <td>[[-4.242640687119285 angstrom, -0.353553390186...</td>\n",
       "    </tr>\n",
       "    <tr>\n",
       "      <th>21</th>\n",
       "      <td>ccsd-aug-cc-pVTZP</td>\n",
       "      <td>CC(=O)[O-]</td>\n",
       "      <td>aug-cc-pVTZP</td>\n",
       "      <td>[[-0.6266242364811933, -0.11501855595262243, -...</td>\n",
       "      <td>[-2.5930636754485477, -0.43645947942083296, -0...</td>\n",
       "      <td>[-0.7545809540047408, 1.0310936484430953, -0.8...</td>\n",
       "      <td>[0.024401811479912303, -0.005326596224233429, ...</td>\n",
       "      <td>[-6.208901314459413, -0.02160823249277776, -0....</td>\n",
       "      <td>NaN</td>\n",
       "      <td>[[-0.0997680016 hartree / elementary_charge], ...</td>\n",
       "      <td>[[-3.8890872957700435 angstrom, -1.06066017177...</td>\n",
       "    </tr>\n",
       "  </tbody>\n",
       "</table>\n",
       "<p>2899 rows × 11 columns</p>\n",
       "</div>"
      ],
      "text/plain": [
       "        specification         molecule         basis  \\\n",
       "0   b3lyp-gas-6-311G*         c1ccccc1       6-311g*   \n",
       "1   b3lyp-gas-6-311G*          CC(=O)O       6-311g*   \n",
       "2   b3lyp-gas-6-311G*  CC1=CNc2c1cccc2       6-311g*   \n",
       "3   b3lyp-gas-6-311G*        C1=CSC=C1       6-311g*   \n",
       "4   b3lyp-gas-6-311G*      C1CC(=O)NC1       6-311g*   \n",
       "..                ...              ...           ...   \n",
       "17  ccsd-aug-cc-pVTZP       B(O)(O)OCC  aug-cc-pVTZP   \n",
       "18  ccsd-aug-cc-pVTZP   CS(=O)(=O)[O-]  aug-cc-pVTZP   \n",
       "19  ccsd-aug-cc-pVTZP      c1ccc(cc1)O  aug-cc-pVTZP   \n",
       "20  ccsd-aug-cc-pVTZP          C1CCOC1  aug-cc-pVTZP   \n",
       "21  ccsd-aug-cc-pVTZP       CC(=O)[O-]  aug-cc-pVTZP   \n",
       "\n",
       "                                       conformer_geom  \\\n",
       "0   [[0.797450858, -1.13261916, 0.014782105], [1.3...   \n",
       "1   [[-0.95521381, -0.09210192, 0.02388881], [0.48...   \n",
       "2   [[0.782144471, -1.37434457, -0.0555852664], [2...   \n",
       "3   [[-0.72163781, -0.68414587, 0.02046668], [-1.2...   \n",
       "4   [[-1.08211395, -0.173245427, -0.286185656], [0...   \n",
       "..                                                ...   \n",
       "17  [[1.395478760461705, -0.2575718902638816, -0.2...   \n",
       "18  [[0.8979426107786764, 0.008963642815376621, 0....   \n",
       "19  [[0.27803172806589543, -1.2408202751965889, -0...   \n",
       "20  [[0.7137379234091891, -0.7384810326834739, 0.3...   \n",
       "21  [[-0.6266242364811933, -0.11501855595262243, -...   \n",
       "\n",
       "                                               dipole  \\\n",
       "0   [-3.886498263216964e-07, 1.0286883478372033e-0...   \n",
       "1   [-0.0948937395848759, -0.4347353235965983, 0.4...   \n",
       "2   [-0.337956801940134, 0.7475064269689398, 0.020...   \n",
       "3   [-0.001236046064678975, -0.23960597800886774, ...   \n",
       "4   [-1.275382430344223, 0.806040393704107, 0.1873...   \n",
       "..                                                ...   \n",
       "17  [-0.1565040716198567, -0.00852453958799515, 0....   \n",
       "18  [2.844646740388683, 0.028399159315774414, 0.04...   \n",
       "19  [-0.14149602998615762, 0.017440759173660947, 0...   \n",
       "20  [-0.026944096663241712, -0.6861731730010021, 0...   \n",
       "21  [-2.5930636754485477, -0.43645947942083296, -0...   \n",
       "\n",
       "                                              charges  \\\n",
       "0   [-0.13426860392723794, -0.13421192811843438, -...   \n",
       "1   [-0.6439346786505051, 0.8724046202580775, -0.6...   \n",
       "2   [-0.15120110640614065, -0.18638628152719913, -...   \n",
       "3   [-0.14052328699850083, -0.25434291157352107, 0...   \n",
       "4   [-0.22537016319781847, -0.3948478035227246, 0....   \n",
       "..                                                ...   \n",
       "17  [1.368196761676329, -0.976542941462522, -0.948...   \n",
       "18  [-0.7629871869919886, 1.5451445588776083, -0.7...   \n",
       "19  [-0.2947536442784639, -0.08196274468052646, -0...   \n",
       "20  [-0.28584928378780144, -0.28327389073638337, 0...   \n",
       "21  [-0.7545809540047408, 1.0310936484430953, -0.8...   \n",
       "\n",
       "                                         mbis dipoles  \\\n",
       "0   [-0.01720053700385921, 0.02445345646623114, -0...   \n",
       "1   [-0.004950681591170853, -0.006333994248682766,...   \n",
       "2   [-0.013476627905181272, 0.024088711114842745, ...   \n",
       "3   [0.030201661646623967, -0.0070997285206261754,...   \n",
       "4   [0.07230477550446505, -0.02228659485821772, 0....   \n",
       "..                                                ...   \n",
       "17  [-0.003409342799467449, 0.013250815172248938, ...   \n",
       "18  [0.027127822615364113, 0.00024424033749874234,...   \n",
       "19  [-0.037194774935808445, -0.01787292124310329, ...   \n",
       "20  [-0.058812139833100796, 0.014010420293634137, ...   \n",
       "21  [0.024401811479912303, -0.005326596224233429, ...   \n",
       "\n",
       "                                     mbis quadrupoles  wall time  \\\n",
       "0   [-4.597649893819507, -0.07531917616986908, 0.0...   6.960770   \n",
       "1   [-5.408727723864018, -0.030558386203656696, 0....   5.870446   \n",
       "2   [-4.624281648831343, 0.04687848583309527, 0.01...  25.055650   \n",
       "3   [-4.587494295958781, 0.034725069509411156, -0....   6.886709   \n",
       "4   [-4.679927077040721, 0.014174861418824538, -0....  11.669137   \n",
       "..                                                ...        ...   \n",
       "17  [-2.0564888693886245, 0.003491760428842794, 0....        NaN   \n",
       "18  [-6.045731493524617, -0.002643440629861222, -0...        NaN   \n",
       "19  [-4.9729895788255325, -0.03924419840554751, -0...        NaN   \n",
       "20  [-4.843428714193155, -0.009796713850606369, -0...        NaN   \n",
       "21  [-6.208901314459413, -0.02160823249277776, -0....        NaN   \n",
       "\n",
       "                                                  esp  \\\n",
       "0                                                 NaN   \n",
       "1                                                 NaN   \n",
       "2                                                 NaN   \n",
       "3                                                 NaN   \n",
       "4                                                 NaN   \n",
       "..                                                ...   \n",
       "17  [[0.0010402629 hartree / elementary_charge], [...   \n",
       "18  [[-0.1521779707 hartree / elementary_charge], ...   \n",
       "19  [[0.0065878062 hartree / elementary_charge], [...   \n",
       "20  [[0.0039441317 hartree / elementary_charge], [...   \n",
       "21  [[-0.0997680016 hartree / elementary_charge], ...   \n",
       "\n",
       "                                                 grid  \n",
       "0                                                 NaN  \n",
       "1                                                 NaN  \n",
       "2                                                 NaN  \n",
       "3                                                 NaN  \n",
       "4                                                 NaN  \n",
       "..                                                ...  \n",
       "17  [[-4.949747467084654 angstrom, -1.060660171372...  \n",
       "18  [[-4.242640687119285 angstrom, -1.060660171779...  \n",
       "19  [[-4.9497474678987725 angstrom, -0.35355339059...  \n",
       "20  [[-4.242640687119285 angstrom, -0.353553390186...  \n",
       "21  [[-3.8890872957700435 angstrom, -1.06066017177...  \n",
       "\n",
       "[2899 rows x 11 columns]"
      ]
     },
     "execution_count": 23,
     "metadata": {},
     "output_type": "execute_result"
    }
   ],
   "source": [
    "# alternatively we can directly load the database associated with the csv to reproduce the figures directly here\n",
    "# df = pd.read_csv('benchmark_data.csv', index_col=0)\n",
    "# df\n",
    "df = pd.read_pickle('benchmark_data.pkl')\n",
    "df\n"
   ]
  },
  {
   "cell_type": "markdown",
   "metadata": {},
   "source": [
    "Now, build a pivot table of the methods and molecules for easier plotting. "
   ]
  },
  {
   "cell_type": "code",
   "execution_count": 25,
   "metadata": {},
   "outputs": [
    {
     "data": {
      "text/html": [
       "<div>\n",
       "<style scoped>\n",
       "    .dataframe tbody tr th:only-of-type {\n",
       "        vertical-align: middle;\n",
       "    }\n",
       "\n",
       "    .dataframe tbody tr th {\n",
       "        vertical-align: top;\n",
       "    }\n",
       "\n",
       "    .dataframe thead th {\n",
       "        text-align: right;\n",
       "    }\n",
       "</style>\n",
       "<table border=\"1\" class=\"dataframe\">\n",
       "  <thead>\n",
       "    <tr style=\"text-align: right;\">\n",
       "      <th>specification</th>\n",
       "      <th>molecule</th>\n",
       "      <th>B3LYP-ddx-4-def2-svpd</th>\n",
       "      <th>B3LYP-ddx-4-def2-tzvpp</th>\n",
       "      <th>B3LYP-ddx-4-def2-tzvppd</th>\n",
       "      <th>B3LYP-ddx-78.4-def2-svpd</th>\n",
       "      <th>B3LYP-ddx-78.4-def2-tzvpp</th>\n",
       "      <th>B3LYP-ddx-78.4-def2-tzvppd</th>\n",
       "      <th>B3LYP-def2-tzvppd-ddx-4</th>\n",
       "      <th>B3LYP-def2-tzvppd-ddx-78.4</th>\n",
       "      <th>B3LYP-gas-6-31G*</th>\n",
       "      <th>...</th>\n",
       "      <th>b3lyp-gas-6-311G*</th>\n",
       "      <th>ccsd-aug-cc-pVTZP</th>\n",
       "      <th>ccsd-gas-aug-cc-pvtz</th>\n",
       "      <th>dlpno-MP2-4-aug-cc-pvtz</th>\n",
       "      <th>dlpno-MP2-4-cc-pvtz</th>\n",
       "      <th>dlpno-MP2-78.4-aug-cc-pvtz</th>\n",
       "      <th>dlpno-MP2-78.4-cc-pvtz</th>\n",
       "      <th>dlpno-MP2-gas-aug-cc-pvtz</th>\n",
       "      <th>dlpno-MP2-gas-cc-pvtz</th>\n",
       "      <th>mp2-gas-6-311G*</th>\n",
       "    </tr>\n",
       "  </thead>\n",
       "  <tbody>\n",
       "    <tr>\n",
       "      <th>0</th>\n",
       "      <td>B(O)(O)OCC</td>\n",
       "      <td>[-0.19012242440761895, -0.0073349076296178595,...</td>\n",
       "      <td>[-0.15628327023001987, -0.022716245131489288, ...</td>\n",
       "      <td>NaN</td>\n",
       "      <td>[-0.20737224913767704, -0.005190133216522952, ...</td>\n",
       "      <td>[-0.17202309455186082, -0.021855367930756486, ...</td>\n",
       "      <td>NaN</td>\n",
       "      <td>NaN</td>\n",
       "      <td>NaN</td>\n",
       "      <td>[-0.062387580600528736, -0.06497536327848863, ...</td>\n",
       "      <td>...</td>\n",
       "      <td>[-0.05670580194215091, -0.07725184008739738, 0...</td>\n",
       "      <td>[-0.1565040716198567, -0.00852453958799515, 0....</td>\n",
       "      <td>[-0.1506131065491516, -0.010811811490446743, 0...</td>\n",
       "      <td>NaN</td>\n",
       "      <td>[-0.15605742674875245, -0.014039421264042673, ...</td>\n",
       "      <td>NaN</td>\n",
       "      <td>[-0.16961286043945734, -0.012309969176003577, ...</td>\n",
       "      <td>[-0.15061995278931306, -0.01080052492596728, 0...</td>\n",
       "      <td>[-0.13009128331921005, -0.019282765319914574, ...</td>\n",
       "      <td>[-0.09731434862648314, -0.058089542178366926, ...</td>\n",
       "    </tr>\n",
       "    <tr>\n",
       "      <th>1</th>\n",
       "      <td>C1=CNC=C1Br</td>\n",
       "      <td>[-1.4534097834241209, -0.7222612025170356, -0....</td>\n",
       "      <td>[-1.447031584267279, -0.7229171730339274, -0.1...</td>\n",
       "      <td>[-1.4396284462015956, -0.7141950427066952, -0....</td>\n",
