{
 "cells": [
  {
   "cell_type": "code",
   "execution_count": 102,
   "metadata": {},
   "outputs": [],
   "source": [
    "from qcportal import PortalClient\n",
    "from openff.toolkit.topology import Molecule\n",
    "from chargecraft.storage.qcarchive_transfer import QCArchiveToLocalDB\n",
    "import numpy as np\n",
    "import matplotlib.pyplot as plt\n",
    "from chargecraft.storage.storage import MoleculePropStore, MoleculePropRecord\n",
    "import pandas as pd\n",
    "import seaborn as sns\n",
    "import io \n",
    "from sklearn.metrics import mean_squared_error\n",
    "from ast import literal_eval\n",
    "import json\n",
    "import ast\n",
    "from rdkit import Chem\n",
    "from rdkit.Chem import Draw\n",
    "import matplotlib as mpl\n",
    "\n"
   ]
  },
  {
   "cell_type": "code",
   "execution_count": 103,
   "metadata": {},
   "outputs": [
    {
     "data": {
      "text/html": [
       "<div>\n",
       "<style scoped>\n",
       "    .dataframe tbody tr th:only-of-type {\n",
       "        vertical-align: middle;\n",
       "    }\n",
       "\n",
       "    .dataframe tbody tr th {\n",
       "        vertical-align: top;\n",
       "    }\n",
       "\n",
       "    .dataframe thead th {\n",
       "        text-align: right;\n",
       "    }\n",
       "</style>\n",
       "<table border=\"1\" class=\"dataframe\">\n",
       "  <thead>\n",
       "    <tr style=\"text-align: right;\">\n",
       "      <th></th>\n",
       "      <th>specification</th>\n",
       "      <th>molecule</th>\n",
       "      <th>tagged_smiles</th>\n",
       "      <th>basis</th>\n",
       "      <th>method</th>\n",
       "      <th>conformer_geom</th>\n",
       "      <th>dipole</th>\n",
       "      <th>charges</th>\n",
       "      <th>mbis dipoles</th>\n",
       "      <th>mbis quadrupoles</th>\n",
       "      <th>wall time</th>\n",
       "    </tr>\n",
       "  </thead>\n",
       "  <tbody>\n",
       "    <tr>\n",
       "      <th>0</th>\n",
       "      <td>B3LYP-def2-tzvpp-ddx-4 COSMO</td>\n",
       "      <td>Brc1ccccc1</td>\n",
       "      <td>[c:1]1([H:8])[c:2]([H:9])[c:3]([H:10])[c:4]([B...</td>\n",
       "      <td>def2-tzvpp</td>\n",
       "      <td>b3lyp</td>\n",
       "      <td>[[-1.4554294283684233, -0.07748397421261988, -...</td>\n",
       "      <td>[-0.6944060501369904, -0.03696026915674544, -0...</td>\n",
       "      <td>[-0.13301112864852258, -0.11664526957273408, -...</td>\n",
       "      <td>[0.028814909847833414, 0.0015035282804174348, ...</td>\n",
       "      <td>[-4.539757213205152, 0.006547290745158622, -0....</td>\n",
       "      <td>53.612614</td>\n",
       "    </tr>\n",
       "    <tr>\n",
       "      <th>1</th>\n",
       "      <td>B3LYP-def2-tzvpp-ddx-4 COSMO</td>\n",
       "      <td>Brc1cc[nH]c1</td>\n",
       "      <td>[C:1]1([H:7])=[C:2]([H:8])[N:3]([H:9])[C:4]([H...</td>\n",
       "      <td>def2-tzvpp</td>\n",
       "      <td>b3lyp</td>\n",
       "      <td>[[0.17881521305000173, 1.1519877978067603, 0.2...</td>\n",
       "      <td>[-1.261662481162631, -0.5008752368520035, -0.1...</td>\n",
       "      <td>[-0.25827809325913165, -0.056787114714757544, ...</td>\n",
       "      <td>[0.040530467393377234, -2.987174522055977e-05,...</td>\n",
       "      <td>[-4.8205439908650725, 0.012433316162253015, -0...</td>\n",
       "      <td>41.187149</td>\n",
       "    </tr>\n",
       "    <tr>\n",
       "      <th>2</th>\n",
       "      <td>B3LYP-def2-tzvpp-ddx-4 COSMO</td>\n",
       "      <td>c1ccccc1</td>\n",
       "      <td>[c:1]1([H:7])[c:2]([H:8])[c:3]([H:9])[c:4]([H:...</td>\n",
       "      <td>def2-tzvpp</td>\n",
       "      <td>b3lyp</td>\n",
       "      <td>[[-1.2161890338533092, 0.6579262961692687, -0....</td>\n",
       "      <td>[-3.8338277943777976e-05, 4.27699801417436e-05...</td>\n",
       "      <td>[-0.12516266193338935, -0.12524781154500864, -...</td>\n",
       "      <td>[0.028565998419679467, -0.015476512827540579, ...</td>\n",
       "      <td>[-4.5603520773509265, -0.05752884889337008, -0...</td>\n",
       "      <td>29.167643</td>\n",
       "    </tr>\n",
       "    <tr>\n",
       "      <th>3</th>\n",
       "      <td>B3LYP-def2-tzvpp-ddx-4 COSMO</td>\n",
       "      <td>C1CCNC1</td>\n",
       "      <td>[C:1]1([H:6])([H:7])[C:2]([H:8])([H:9])[C:3]([...</td>\n",
       "      <td>def2-tzvpp</td>\n",
       "      <td>b3lyp</td>\n",
       "      <td>[[0.17920492040989322, -1.2075743017523302, -0...</td>\n",
       "      <td>[-0.03849316642676026, 0.057787212422743206, 0...</td>\n",
       "      <td>[-0.21435845314470744, -0.2144790566621501, 0....</td>\n",
       "      <td>[0.01255699677975411, 0.07769346719284626, -0....</td>\n",
       "      <td>[-4.693232093160284, -0.005153039134781002, 0....</td>\n",
       "      <td>76.742226</td>\n",
       "    </tr>\n",
       "    <tr>\n",
       "      <th>4</th>\n",
       "      <td>B3LYP-def2-tzvpp-ddx-4 COSMO</td>\n",
       "      <td>C1CC[NH2+]CC1</td>\n",
       "      <td>[C:1]1([H:7])([H:8])[C:2]([H:9])([H:10])[C:3](...</td>\n",
       "      <td>def2-tzvpp</td>\n",
       "      <td>b3lyp</td>\n",
       "      <td>[[1.2189360585436484, 0.8347455054911456, -0.1...</td>\n",
       "      <td>[-1.299558901764033, -0.8900938090287727, 0.13...</td>\n",
       "      <td>[-0.19630093074406554, -0.2540993295122444, -0...</td>\n",
       "      <td>[-0.05290931213582083, -0.03611928313212007, -...</td>\n",
       "      <td>[-4.581856958038732, 0.0032000371480743924, -0...</td>\n",
       "      <td>105.074890</td>\n",
       "    </tr>\n",
       "    <tr>\n",
       "      <th>...</th>\n",
       "      <td>...</td>\n",
       "      <td>...</td>\n",
       "      <td>...</td>\n",
       "      <td>...</td>\n",
       "      <td>...</td>\n",
       "      <td>...</td>\n",
       "      <td>...</td>\n",
       "      <td>...</td>\n",
       "      <td>...</td>\n",
       "      <td>...</td>\n",
       "      <td>...</td>\n",
       "    </tr>\n",
       "    <tr>\n",
       "      <th>1423</th>\n",
       "      <td>HF-6-311G*-ddx-4 COSMO</td>\n",
       "      <td>N#Cc1ccccc1</td>\n",
       "      <td>[c:1]1([H:9])[c:2]([H:10])[c:3]([H:11])[c:4]([...</td>\n",
       "      <td>6-311g*</td>\n",
       "      <td>hf</td>\n",
       "      <td>[[-1.633092597993143, 0.031578847905318286, -0...</td>\n",
       "      <td>[-1.817125525188196, 0.03512899161654248, -0.5...</td>\n",
       "      <td>[-0.09571824657158479, -0.1591725464239093, -0...</td>\n",
       "      <td>[0.01505349784901121, -0.0003109463716128329, ...</td>\n",
       "      <td>[-4.509620500506032, 0.011781319016970283, -0....</td>\n",
       "      <td>23.020976</td>\n",
       "    </tr>\n",
       "    <tr>\n",
       "      <th>1424</th>\n",
       "      <td>HF-6-311G*-ddx-4 COSMO</td>\n",
       "      <td>Oc1ccccc1</td>\n",
       "      <td>[c:1]1([H:8])[c:2]([H:9])[c:3]([H:10])[c:4]([O...</td>\n",
       "      <td>6-311g*</td>\n",
       "      <td>hf</td>\n",
       "      <td>[[1.6497672885793597, -0.1711348839594382, 0.0...</td>\n",
       "      <td>[0.08849017987062169, 0.5752415668715614, 0.04...</td>\n",
       "      <td>[-0.2476600170729379, -0.049340128455664614, -...</td>\n",
       "      <td>[-0.01108752982555038, -0.006958506941790821, ...</td>\n",
       "      <td>[-4.807183265540325, -0.013543929762773589, -0...</td>\n",
       "      <td>31.393886</td>\n",
       "    </tr>\n",
       "    <tr>\n",
       "      <th>1425</th>\n",
       "      <td>HF-6-311G*-ddx-4 COSMO</td>\n",
       "      <td>O=C1CCCN1</td>\n",
       "      <td>[C:1]1([H:7])([H:8])[C:2]([H:9])([H:10])[C:3](...</td>\n",
       "      <td>6-311g*</td>\n",
       "      <td>hf</td>\n",
       "      <td>[[-0.982553393564454, -0.41076041732955887, -0...</td>\n",
       "      <td>[-1.6305239593868777, 0.26315539493413187, 0.3...</td>\n",
       "      <td>[-0.2110962454672619, -0.3917949078330045, 0.8...</td>\n",
       "      <td>[0.06431140695939788, -0.013568804375138533, 0...</td>\n",
       "      <td>[-4.713344845616261, 0.02531857531222918, -0.0...</td>\n",
       "      <td>30.512118</td>\n",
       "    </tr>\n",
       "    <tr>\n",
       "      <th>1426</th>\n",
       "      <td>HF-6-311G*-ddx-4 COSMO</td>\n",
       "      <td>[O-]c1ccsn1</td>\n",
       "      <td>[C:1]1([H:7])=[C:2]([H:8])[S:3][N:4]=[C:5]1[O-:6]</td>\n",
       "      <td>6-311g*</td>\n",
       "      <td>hf</td>\n",
       "      <td>[[-0.09838226317818206, -0.7134580947913648, -...</td>\n",
       "      <td>[-2.809252277928966, -1.4209752478809818, 0.07...</td>\n",
       "      <td>[-0.4069667572576686, -0.19409615523562543, -0...</td>\n",
       "      <td>[0.013010249160149936, -0.05422569111686034, -...</td>\n",
       "      <td>[-5.254779429259691, -0.024262122884656387, 0....</td>\n",
       "      <td>11.598430</td>\n",
       "    </tr>\n",
       "    <tr>\n",
       "      <th>1427</th>\n",
       "      <td>HF-6-311G*-ddx-4 COSMO</td>\n",
       "      <td>[S-]c1ccccc1</td>\n",
       "      <td>[c:1]1([H:8])[c:2]([H:9])[c:3]([H:10])[c:4]([S...</td>\n",
       "      <td>6-311g*</td>\n",
       "      <td>hf</td>\n",
       "      <td>[[-1.4724835546710437, -0.07926821077587926, 0...</td>\n",
       "      <td>[-4.40392634746263, -0.23706643143217487, 0.01...</td>\n",
       "      <td>[-0.2664513043232755, -0.12921973523650923, -0...</td>\n",
       "      <td>[0.017406650865306624, 0.0007876479911463217, ...</td>\n",
       "      <td>[-4.910892834307097, 0.009099125730068535, -0....</td>\n",
       "      <td>25.095579</td>\n",
       "    </tr>\n",
       "  </tbody>\n",
       "</table>\n",
       "<p>1428 rows × 11 columns</p>\n",
       "</div>"
      ],
      "text/plain": [
       "                     specification       molecule  \\\n",
       "0     B3LYP-def2-tzvpp-ddx-4 COSMO     Brc1ccccc1   \n",
       "1     B3LYP-def2-tzvpp-ddx-4 COSMO   Brc1cc[nH]c1   \n",
       "2     B3LYP-def2-tzvpp-ddx-4 COSMO       c1ccccc1   \n",
       "3     B3LYP-def2-tzvpp-ddx-4 COSMO        C1CCNC1   \n",
       "4     B3LYP-def2-tzvpp-ddx-4 COSMO  C1CC[NH2+]CC1   \n",
       "...                            ...            ...   \n",
       "1423        HF-6-311G*-ddx-4 COSMO    N#Cc1ccccc1   \n",
       "1424        HF-6-311G*-ddx-4 COSMO      Oc1ccccc1   \n",
       "1425        HF-6-311G*-ddx-4 COSMO      O=C1CCCN1   \n",
       "1426        HF-6-311G*-ddx-4 COSMO    [O-]c1ccsn1   \n",
       "1427        HF-6-311G*-ddx-4 COSMO   [S-]c1ccccc1   \n",
       "\n",
       "                                          tagged_smiles       basis method  \\\n",
       "0     [c:1]1([H:8])[c:2]([H:9])[c:3]([H:10])[c:4]([B...  def2-tzvpp  b3lyp   \n",
       "1     [C:1]1([H:7])=[C:2]([H:8])[N:3]([H:9])[C:4]([H...  def2-tzvpp  b3lyp   \n",
       "2     [c:1]1([H:7])[c:2]([H:8])[c:3]([H:9])[c:4]([H:...  def2-tzvpp  b3lyp   \n",
       "3     [C:1]1([H:6])([H:7])[C:2]([H:8])([H:9])[C:3]([...  def2-tzvpp  b3lyp   \n",
       "4     [C:1]1([H:7])([H:8])[C:2]([H:9])([H:10])[C:3](...  def2-tzvpp  b3lyp   \n",
       "...                                                 ...         ...    ...   \n",
       "1423  [c:1]1([H:9])[c:2]([H:10])[c:3]([H:11])[c:4]([...     6-311g*     hf   \n",
       "1424  [c:1]1([H:8])[c:2]([H:9])[c:3]([H:10])[c:4]([O...     6-311g*     hf   \n",
       "1425  [C:1]1([H:7])([H:8])[C:2]([H:9])([H:10])[C:3](...     6-311g*     hf   \n",
       "1426  [C:1]1([H:7])=[C:2]([H:8])[S:3][N:4]=[C:5]1[O-:6]     6-311g*     hf   \n",
       "1427  [c:1]1([H:8])[c:2]([H:9])[c:3]([H:10])[c:4]([S...     6-311g*     hf   \n",
       "\n",
       "                                         conformer_geom  \\\n",
       "0     [[-1.4554294283684233, -0.07748397421261988, -...   \n",
       "1     [[0.17881521305000173, 1.1519877978067603, 0.2...   \n",
       "2     [[-1.2161890338533092, 0.6579262961692687, -0....   \n",
       "3     [[0.17920492040989322, -1.2075743017523302, -0...   \n",
       "4     [[1.2189360585436484, 0.8347455054911456, -0.1...   \n",
       "...                                                 ...   \n",
       "1423  [[-1.633092597993143, 0.031578847905318286, -0...   \n",
       "1424  [[1.6497672885793597, -0.1711348839594382, 0.0...   \n",
       "1425  [[-0.982553393564454, -0.41076041732955887, -0...   \n",
       "1426  [[-0.09838226317818206, -0.7134580947913648, -...   \n",
       "1427  [[-1.4724835546710437, -0.07926821077587926, 0...   \n",
       "\n",
       "                                                 dipole  \\\n",
       "0     [-0.6944060501369904, -0.03696026915674544, -0...   \n",
       "1     [-1.261662481162631, -0.5008752368520035, -0.1...   \n",
       "2     [-3.8338277943777976e-05, 4.27699801417436e-05...   \n",
       "3     [-0.03849316642676026, 0.057787212422743206, 0...   \n",
       "4     [-1.299558901764033, -0.8900938090287727, 0.13...   \n",
       "...                                                 ...   \n",
       "1423  [-1.817125525188196, 0.03512899161654248, -0.5...   \n",
       "1424  [0.08849017987062169, 0.5752415668715614, 0.04...   \n",
       "1425  [-1.6305239593868777, 0.26315539493413187, 0.3...   \n",
       "1426  [-2.809252277928966, -1.4209752478809818, 0.07...   \n",
       "1427  [-4.40392634746263, -0.23706643143217487, 0.01...   \n",
       "\n",
       "                                                charges  \\\n",
       "0     [-0.13301112864852258, -0.11664526957273408, -...   \n",
       "1     [-0.25827809325913165, -0.056787114714757544, ...   \n",
       "2     [-0.12516266193338935, -0.12524781154500864, -...   \n",
       "3     [-0.21435845314470744, -0.2144790566621501, 0....   \n",
       "4     [-0.19630093074406554, -0.2540993295122444, -0...   \n",
       "...                                                 ...   \n",
       "1423  [-0.09571824657158479, -0.1591725464239093, -0...   \n",
       "1424  [-0.2476600170729379, -0.049340128455664614, -...   \n",
       "1425  [-0.2110962454672619, -0.3917949078330045, 0.8...   \n",
       "1426  [-0.4069667572576686, -0.19409615523562543, -0...   \n",
       "1427  [-0.2664513043232755, -0.12921973523650923, -0...   \n",
       "\n",
       "                                           mbis dipoles  \\\n",
       "0     [0.028814909847833414, 0.0015035282804174348, ...   \n",
       "1     [0.040530467393377234, -2.987174522055977e-05,...   \n",
       "2     [0.028565998419679467, -0.015476512827540579, ...   \n",
       "3     [0.01255699677975411, 0.07769346719284626, -0....   \n",
       "4     [-0.05290931213582083, -0.03611928313212007, -...   \n",
       "...                                                 ...   \n",
       "1423  [0.01505349784901121, -0.0003109463716128329, ...   \n",
       "1424  [-0.01108752982555038, -0.006958506941790821, ...   \n",
       "1425  [0.06431140695939788, -0.013568804375138533, 0...   \n",
       "1426  [0.013010249160149936, -0.05422569111686034, -...   \n",
       "1427  [0.017406650865306624, 0.0007876479911463217, ...   \n",
       "\n",
       "                                       mbis quadrupoles   wall time  \n",
       "0     [-4.539757213205152, 0.006547290745158622, -0....   53.612614  \n",
       "1     [-4.8205439908650725, 0.012433316162253015, -0...   41.187149  \n",
       "2     [-4.5603520773509265, -0.05752884889337008, -0...   29.167643  \n",
       "3     [-4.693232093160284, -0.005153039134781002, 0....   76.742226  \n",
       "4     [-4.581856958038732, 0.0032000371480743924, -0...  105.074890  \n",
       "...                                                 ...         ...  \n",
       "1423  [-4.509620500506032, 0.011781319016970283, -0....   23.020976  \n",
       "1424  [-4.807183265540325, -0.013543929762773589, -0...   31.393886  \n",
       "1425  [-4.713344845616261, 0.02531857531222918, -0.0...   30.512118  \n",
       "1426  [-5.254779429259691, -0.024262122884656387, 0....   11.598430  \n",
       "1427  [-4.910892834307097, 0.009099125730068535, -0....   25.095579  \n",
       "\n",
       "[1428 rows x 11 columns]"
      ]
     },
     "execution_count": 103,
     "metadata": {},
     "output_type": "execute_result"
    }
   ],
   "source": [
    "DATASET_NAME = \"ESP 50k opt Iodines\"\n",
    "\n",
    "client = PortalClient(address=\"http://10.64.1.130:7778\")\n",
    "\n",
    "dataset = client.get_dataset(dataset_type=\"singlepoint\", dataset_name=DATASET_NAME)\n",
    "\n",
    "\n",
    "add_data = []\n",
    "for spec in dataset.specification_names:\n",
    "    for index, _, record in dataset.iterate_records(specification_names=spec, status=\"complete\"):\n",
    "        record_data = {\n",
    "            \"specification\": spec,\n",
    "            \"molecule\": index,\n",
    "            \"tagged_smiles\":Molecule.from_qcschema(record.molecule).to_smiles(mapped = True),\n",
    "            \"basis\": record.specification.basis,\n",
    "            \"method\": record.specification.method,\n",
    "            \"conformer_geom\" : Molecule.from_qcschema(record.molecule).conformers[0].m,\n",
    "            \"dipole\": record.properties[\"scf dipole\"],\n",
    "            \"charges\": record.properties[\"mbis charges\"],\n",
    "            \"mbis dipoles\": record.properties[\"mbis dipoles\"],\n",
    "            \"mbis quadrupoles\": record.properties[\"mbis quadrupoles\"],\n",
    "            \"wall time\": record.provenance.wall_time\n",
    "        }\n",
    "        add_data.append(record_data)\n",
    "\n",
    "df = pd.DataFrame(add_data)\n",
    "df.to_csv(\"benchmark_data.csv\")\n",
    "df"
   ]
  },
  {
   "cell_type": "code",
   "execution_count": 104,
   "metadata": {},
   "outputs": [
    {
     "data": {
      "text/plain": [
       "34"
      ]
     },
     "execution_count": 104,
     "metadata": {},
     "output_type": "execute_result"
    }
   ],
   "source": [
    "len(df['molecule'].unique())"
   ]
  },
  {
   "cell_type": "code",
   "execution_count": 105,
   "metadata": {},
   "outputs": [
    {
     "data": {
      "text/plain": [
       "array(['Brc1ccccc1', 'Brc1cc[nH]c1', 'c1ccccc1', 'C1CCNC1',\n",
       "       'C1CC[NH2+]CC1', 'C1CCOC1', 'c1ccsc1', 'c1c[nH+]c[nH]1', 'CC',\n",
       "       'Cc1c[nH]c2ccccc12', 'CC(C)F', 'CC(C)=O', 'CCO', 'CCOB(O)O',\n",
       "       'CC(=O)[O-]', 'CC(=O)O', 'CCS', 'CCSC', 'Clc1ccccc1', 'Clc1cccnc1',\n",
       "       'COC', 'COC[B-](F)(F)F', 'COCC(F)(F)F', 'CO[Si](C)(C)O',\n",
       "       'C[Si]1(C)CCCC1', 'CS(=O)(=O)[O-]', 'Fc1ccccc1', 'Fc1cccc(F)c1F',\n",
       "       'Nc1ccccc1', 'N#Cc1ccccc1', 'Oc1ccccc1', 'O=C1CCCN1',\n",
       "       '[O-]c1ccsn1', '[S-]c1ccccc1'], dtype=object)"
      ]
     },
     "execution_count": 105,
     "metadata": {},
     "output_type": "execute_result"
    }
   ],
   "source": [
    "df['molecule'].unique()"
   ]
  },
  {
   "cell_type": "code",
   "execution_count": 106,
   "metadata": {},
   "outputs": [
    {
     "data": {
      "text/plain": [
       "['CC(C)F',\n",
       " '[O-]c1ccsn1',\n",
       " 'Clc1cccnc1',\n",
       " 'Brc1cc[nH]c1',\n",
       " 'COCC(F)(F)F',\n",
       " 'CCOB(O)O',\n",
       " 'O=C1CCCN1',\n",
       " 'Fc1ccccc1',\n",
       " 'CC(=O)O',\n",
       " 'COC',\n",
       " 'CCO',\n",
       " 'CC(C)=O',\n",
       " 'CC(=O)[O-]',\n",
       " 'Clc1ccccc1',\n",
       " 'c1c[nH+]c[nH]1',\n",
       " 'C1CCNC1',\n",
       " 'CC',\n",
       " 'CCSC',\n",
       " 'CCS']"
      ]
     },
     "execution_count": 106,
     "metadata": {},
     "output_type": "execute_result"
    }
   ],
   "source": [
    "benchdb = MoleculePropStore('/mnt/nfs/home/nca121/benchmark_db/rerun_for_paper_3/database copy.db')\n",
    "benchdb.list()"
   ]
  },
  {
   "cell_type": "code",
   "execution_count": 107,
   "metadata": {},
   "outputs": [
    {
     "data": {
      "text/plain": [
       "[MoleculePropRecord(tagged_smiles='[C:1]([C:2]([H:6])([H:7])[H:8])([H:3])([H:4])[H:5]', conformer=array([[-0.76121044,  0.01704435,  0.02132174],\n",
       "        [ 0.76121109, -0.01704159, -0.02132468],\n",
       "        [-1.16238031, -0.83813842,  0.56928049],\n",
       "        [-1.12460595,  0.92247717,  0.51188822],\n",
       "        [-1.18721113, -0.00656134, -0.98390396],\n",
       "        [ 1.12458527, -0.92240799, -0.5120533 ],\n",
       "        [ 1.16241327,  0.83822474, -0.5691178 ],\n",
       "        [ 1.1871982 ,  0.00640308,  0.98390928]]), grid_coordinates=array([[-3.8890873 , -1.06066017, -0.70710678],\n",
       "        [-3.8890873 , -1.06066017,  0.        ],\n",
       "        [-3.8890873 , -1.06066017,  0.70710678],\n",
       "        ...,\n",
       "        [ 3.8890873 ,  1.06066017, -0.70710678],\n",
       "        [ 3.8890873 ,  1.06066017,  0.        ],\n",
       "        [ 3.8890873 ,  1.06066017,  0.70710678]]), esp=array([[-0.00139294],\n",
       "        [-0.00151105],\n",
       "        [-0.00120838],\n",
       "        ...,\n",
       "        [-0.00120818],\n",
       "        [-0.00151079],\n",
       "        [-0.00139278]]), electric_field=array([[ 5.574136e-04,  2.863186e-04,  2.730338e-04],\n",
       "        [ 5.933982e-04,  4.447287e-04, -9.911410e-05],\n",
       "        [ 3.325336e-04,  4.882613e-04, -3.056252e-04],\n",
       "        ...,\n",
       "        [-3.324106e-04, -4.883701e-04,  3.055167e-04],\n",
       "        [-5.932165e-04, -4.448519e-04,  9.913230e-05],\n",
       "        [-5.573354e-04, -2.864222e-04, -2.729253e-04]]), esp_settings=ESPSettings(basis='aug-cc-pvtz', method='ccsd', grid_settings=LatticeGridSettings(type='fcc', spacing=0.5, inner_vdw_scale=1.4, outer_vdw_scale=2.0), pcm_settings=None, psi4_dft_grid_settings=<DFTGridSettings.Default: 'default'>, ddx_settings=None), mulliken_charges=array([-0.89050937, -0.89050615,  0.29683463,  0.29683774,  0.29683648,\n",
       "         0.29683241,  0.29683843,  0.29683582]), lowdin_charges=array([ 0.53153862,  0.53153827, -0.1771722 , -0.17717818, -0.17718933,\n",
       "        -0.17716651, -0.17717906, -0.17719162]), mbis_charges=array([[-0.34692407],\n",
       "        [-0.34692554],\n",
       "        [ 0.11564377],\n",
       "        [ 0.11564072],\n",
       "        [ 0.11564143],\n",
       "        [ 0.11564136],\n",
       "        [ 0.11564371],\n",
       "        [ 0.11564196]]), dipole=array([-5.87947202e-07,  5.46109097e-06,  2.04243823e-06]), quadropole=array([[-1.16391564e+01,  1.19816559e-02,  1.48934154e-02],\n",
       "        [ 1.19816559e-02, -1.11030755e+01, -3.39548168e-04],\n",
       "        [ 1.48934154e-02, -3.39548168e-04, -1.11032603e+01]]), mbis_dipole=array([[ 0.09844603, -0.00221598, -0.00275459],\n",
       "        [-0.09844592,  0.00222224,  0.0027527 ],\n",
       "        [-0.00750831, -0.04318791,  0.0271402 ],\n",
       "        [-0.00561792,  0.04514598,  0.02425882],\n",
       "        [-0.00874761, -0.0014676 , -0.05078798],\n",
       "        [ 0.00561458, -0.04514211, -0.02426884],\n",
       "        [ 0.00751227,  0.04319292, -0.02712969],\n",
       "        [ 0.00874653,  0.0014615 ,  0.05078832]]), mbis_quadropole=array([[[-5.03863704e+00,  2.80447229e-03,  3.50039049e-03],\n",
       "         [ 2.80447229e-03, -4.91353874e+00, -2.49852912e-05],\n",
       "         [ 3.50039049e-03, -2.49852912e-05, -4.91357464e+00]],\n",
       " \n",
       "        [[-5.03864217e+00,  2.80829786e-03,  3.50185598e-03],\n",
       "         [ 2.80829786e-03, -4.91354475e+00, -2.07933928e-05],\n",
       "         [ 3.50185598e-03, -2.07933928e-05, -4.91358017e+00]],\n",
       " \n",
       "        [[-5.12809984e-01, -6.51621377e-03,  3.64081236e-03],\n",
       "         [-6.51621377e-03, -5.25018055e-01,  1.85828875e-03],\n",
       "         [ 3.64081236e-03,  1.85828875e-03, -5.23771207e-01]],\n",
       " \n",
       "        [[-5.12264886e-01,  6.18225383e-03,  3.14725209e-03],\n",
       "         [ 6.18225383e-03, -5.25809507e-01, -1.88864982e-03],\n",
       "         [ 3.14725209e-03, -1.88864982e-03, -5.23529853e-01]],\n",
       " \n",
       "        [[-5.13172018e-01, -4.55622464e-04, -7.77245753e-03],\n",
       "         [-4.55622464e-04, -5.22447774e-01,  5.05932954e-05],\n",
       "         [-7.77245753e-03,  5.05932954e-05, -5.25968158e-01]],\n",
       " \n",
       "        [[-5.12269986e-01,  6.18247350e-03,  3.14762736e-03],\n",
       "         [ 6.18247350e-03, -5.25813940e-01, -1.88860765e-03],\n",
       "         [ 3.14762736e-03, -1.88860765e-03, -5.23534658e-01]],\n",
       " \n",
       "        [[-5.12806667e-01, -6.51604830e-03,  3.64044544e-03],\n",
       "         [-6.51604830e-03, -5.25015285e-01,  1.85847009e-03],\n",
       "         [ 3.64044544e-03,  1.85847009e-03, -5.23768327e-01]],\n",
       " \n",
       "        [[-5.13170766e-01, -4.55179430e-04, -7.77248900e-03],\n",
       "         [-4.55179430e-04, -5.22446260e-01,  5.16266089e-05],\n",
       "         [-7.77248900e-03,  5.16266089e-05, -5.25966959e-01]]]), mbis_octopole=array([[[[-1.41592425e-01,  1.95741172e-02,  2.47565838e-02],\n",
       "          [ 1.95741172e-02,  3.65072432e-01, -3.43387389e-03],\n",
       "          [ 2.47565838e-02, -3.43387389e-03,  3.73079286e-01]],\n",
       " \n",
       "         [[ 1.95741172e-02,  3.65072432e-01, -3.43387389e-03],\n",
       "          [ 3.65072432e-01, -3.82325005e-02, -1.49027895e-01],\n",
       "          [-3.43387389e-03, -1.49027895e-01,  5.23639975e-03]],\n",
       " \n",
       "         [[ 2.47565838e-02, -3.43387389e-03,  3.73079286e-01],\n",
       "          [-3.43387389e-03, -1.49027895e-01,  5.23639975e-03],\n",
       "          [ 3.73079286e-01,  5.23639975e-03,  1.07611141e-01]]],\n",
       " \n",
       " \n",
       "        [[[ 1.41594113e-01, -1.95585801e-02, -2.47561288e-02],\n",
       "          [-1.95585801e-02, -3.65074751e-01,  3.44269339e-03],\n",
       "          [-2.47561288e-02,  3.44269339e-03, -3.73078179e-01]],\n",
       " \n",
       "         [[-1.95585801e-02, -3.65074751e-01,  3.44269339e-03],\n",
       "          [-3.65074751e-01,  3.81716115e-02,  1.49035653e-01],\n",
       "          [ 3.44269339e-03,  1.49035653e-01, -5.10499517e-03]],\n",
       " \n",
       "         [[-2.47561288e-02,  3.44269339e-03, -3.73078179e-01],\n",
       "          [ 3.44269339e-03,  1.49035653e-01, -5.10499517e-03],\n",
       "          [-3.73078179e-01, -5.10499517e-03, -1.07635295e-01]]],\n",
       " \n",
       " \n",
       "        [[[ 1.77828087e-02, -9.24178391e-03,  6.79080414e-03],\n",
       "          [-9.24178391e-03,  1.58076976e-02,  3.27968243e-03],\n",
       "          [ 6.79080414e-03,  3.27968243e-03,  1.95273901e-02]],\n",
       " \n",
       "         [[-9.24178391e-03,  1.58076976e-02,  3.27968243e-03],\n",
       "          [ 1.58076976e-02, -3.01912231e-02, -8.72169912e-04],\n",
       "          [ 3.27968243e-03, -8.72169912e-04, -9.52800612e-03]],\n",
       " \n",
       "         [[ 6.79080414e-03,  3.27968243e-03,  1.95273901e-02],\n",
       "          [ 3.27968243e-03, -8.72169912e-04, -9.52800612e-03],\n",
       "          [ 1.95273901e-02, -9.52800612e-03,  2.22648717e-02]]],\n",
       " \n",
       " \n",
       "        [[[ 1.90382669e-02,  1.02239612e-02,  5.88139550e-03],\n",
       "          [ 1.02239612e-02,  1.57843403e-02, -3.32218932e-03],\n",
       "          [ 5.88139550e-03, -3.32218932e-03,  2.03799766e-02]],\n",
       " \n",
       "         [[ 1.02239612e-02,  1.57843403e-02, -3.32218932e-03],\n",
       "          [ 1.57843403e-02,  2.79523751e-02, -1.19569074e-03],\n",
       "          [-3.32218932e-03, -1.19569074e-03,  1.02001349e-02]],\n",
       " \n",
       "         [[ 5.88139550e-03, -3.32218932e-03,  2.03799766e-02],\n",
       "          [-3.32218932e-03, -1.19569074e-03,  1.02001349e-02],\n",
       "          [ 2.03799766e-02,  1.02001349e-02,  2.03366757e-02]]],\n",
       " \n",
       " \n",
       "        [[[ 1.69445785e-02,  1.68154938e-04, -1.11922329e-02],\n",
       "          [ 1.68154938e-04,  2.10288431e-02, -3.81512608e-04],\n",
       "          [-1.11922329e-02, -3.81512608e-04,  1.37994418e-02]],\n",
       " \n",
       "         [[ 1.68154938e-04,  2.10288431e-02, -3.81512608e-04],\n",
       "          [ 2.10288431e-02, -3.11691265e-03, -1.79491197e-02],\n",
       "          [-3.81512608e-04, -1.79491197e-02, -5.41236348e-05]],\n",
       " \n",
       "         [[-1.11922329e-02, -3.81512608e-04,  1.37994418e-02],\n",
       "          [-3.81512608e-04, -1.79491197e-02, -5.41236348e-05],\n",
       "          [ 1.37994418e-02, -5.41236348e-05, -2.85393819e-02]]],\n",
       " \n",
       " \n",
       "        [[[-1.90434115e-02, -1.02242679e-02, -5.88197409e-03],\n",
       "          [-1.02242679e-02, -1.57881933e-02,  3.32395487e-03],\n",
       "          [-5.88197409e-03,  3.32395487e-03, -2.03799687e-02]],\n",
       " \n",
       "         [[-1.02242679e-02, -1.57881933e-02,  3.32395487e-03],\n",
       "          [-1.57881933e-02, -2.79513773e-02,  1.19244282e-03],\n",
       "          [ 3.32395487e-03,  1.19244282e-03, -1.01953681e-02]],\n",
       " \n",
       "         [[-5.88197409e-03,  3.32395487e-03, -2.03799687e-02],\n",
       "          [ 3.32395487e-03,  1.19244282e-03, -1.01953681e-02],\n",
       "          [-2.03799687e-02, -1.01953681e-02, -2.03464658e-02]]],\n",
       " \n",
       " \n",
       "        [[[-1.77778492e-02,  9.24185806e-03, -6.78963703e-03],\n",
       "          [ 9.24185806e-03, -1.58034710e-02, -3.27820098e-03],\n",
       "          [-6.78963703e-03, -3.27820098e-03, -1.95273293e-02]],\n",
       " \n",
       "         [[ 9.24185806e-03, -1.58034710e-02, -3.27820098e-03],\n",
       "          [-1.58034710e-02,  3.01929056e-02,  8.75936788e-04],\n",
       "          [-3.27820098e-03,  8.75936788e-04,  9.53317212e-03]],\n",
       " \n",
       "         [[-6.78963703e-03, -3.27820098e-03, -1.95273293e-02],\n",
       "          [-3.27820098e-03,  8.75936788e-04,  9.53317212e-03],\n",
       "          [-1.95273293e-02,  9.53317212e-03, -2.22556689e-02]]],\n",
       " \n",
       " \n",
       "        [[[-1.69449801e-02, -1.65866022e-04,  1.11922221e-02],\n",
       "          [-1.65866022e-04, -2.10294034e-02,  3.79340414e-04],\n",
       "          [ 1.11922221e-02,  3.79340414e-04, -1.37996268e-02]],\n",
       " \n",
       "         [[-1.65866022e-04, -2.10294034e-02,  3.79340414e-04],\n",
       "          [-2.10294034e-02,  3.11425047e-03,  1.79493788e-02],\n",
       "          [ 3.79340414e-04,  1.79493788e-02,  5.66874783e-05]],\n",
       " \n",
       "         [[ 1.11922221e-02,  3.79340414e-04, -1.37996268e-02],\n",
       "          [ 3.79340414e-04,  1.79493788e-02,  5.66874783e-05],\n",
       "          [-1.37996268e-02,  5.66874783e-05,  2.85390361e-02]]]]), energy=array(-79.70464087), charge_model_charges=None, alpha_density=array([[ 9.68470493e-01,  1.77875668e-02,  3.81606848e-02, ...,\n",
       "          2.64155335e-06, -5.91364564e-04,  2.08583036e-05],\n",
       "        [ 1.77875668e-02,  2.45016929e-01,  4.06939050e-02, ...,\n",
       "         -3.46876634e-05, -9.38405179e-05, -4.38449063e-06],\n",
       "        [ 3.81606848e-02,  4.06939050e-02,  1.67266285e-02, ...,\n",
       "         -6.80351173e-06,  1.51161620e-04, -5.10532365e-06],\n",
       "        ...,\n",
       "        [ 2.64155335e-06, -3.46876634e-05, -6.80351173e-06, ...,\n",
       "          5.88753967e-05, -2.84891739e-07,  7.79496267e-06],\n",
       "        [-5.91364564e-04, -9.38405179e-05,  1.51161620e-04, ...,\n",
       "         -2.84891739e-07,  6.01682171e-05, -1.61658957e-07],\n",
       "        [ 2.08583036e-05, -4.38449063e-06, -5.10532365e-06, ...,\n",
       "          7.79496267e-06, -1.61658957e-07,  4.24917303e-05]]), beta_density=array([[ 9.68470493e-01,  1.77875668e-02,  3.81606848e-02, ...,\n",
       "          2.64155335e-06, -5.91364564e-04,  2.08583036e-05],\n",
       "        [ 1.77875668e-02,  2.45016929e-01,  4.06939050e-02, ...,\n",
       "         -3.46876634e-05, -9.38405179e-05, -4.38449063e-06],\n",
       "        [ 3.81606848e-02,  4.06939050e-02,  1.67266285e-02, ...,\n",
       "         -6.80351173e-06,  1.51161620e-04, -5.10532365e-06],\n",
       "        ...,\n",
       "        [ 2.64155335e-06, -3.46876634e-05, -6.80351173e-06, ...,\n",
       "          5.88753967e-05, -2.84891739e-07,  7.79496267e-06],\n",
       "        [-5.91364564e-04, -9.38405179e-05,  1.51161620e-04, ...,\n",
       "         -2.84891739e-07,  6.01682171e-05, -1.61658957e-07],\n",
       "        [ 2.08583036e-05, -4.38449063e-06, -5.10532365e-06, ...,\n",
       "          7.79496267e-06, -1.61658957e-07,  4.24917303e-05]]))]"
      ]
     },
     "execution_count": 107,
     "metadata": {},
     "output_type": "execute_result"
    }
   ],
   "source": [
    "benchdb.retrieve('CC')"
   ]
  },
  {
   "cell_type": "code",
   "execution_count": 108,
   "metadata": {},
   "outputs": [
    {
     "name": "stdout",
     "output_type": "stream",
     "text": [
      "Brc1ccccc1\n",
      "Brc1cc[nH]c1\n",
      "c1ccccc1\n",
      "C1CCNC1\n",
      "C1CC[NH2+]CC1\n",
      "C1CCOC1\n",
      "c1ccsc1\n",
      "c1c[nH+]c[nH]1\n",
      "CC\n",
      "Cc1c[nH]c2ccccc12\n",
      "CC(C)F\n",
      "CC(C)=O\n",
      "CCO\n",
      "CCOB(O)O\n",
      "CC(=O)[O-]\n",
      "CC(=O)O\n",
      "CCS\n",
      "CCSC\n",
      "Clc1ccccc1\n",
      "Clc1cccnc1\n",
      "COC\n",
      "COC[B-](F)(F)F\n",
      "COCC(F)(F)F\n",
      "CO[Si](C)(C)O\n",
      "C[Si]1(C)CCCC1\n",
      "CS(=O)(=O)[O-]\n",
      "Fc1ccccc1\n",
      "Fc1cccc(F)c1F\n",
      "Nc1ccccc1\n",
      "N#Cc1ccccc1\n",
      "Oc1ccccc1\n",
      "O=C1CCCN1\n",
      "[O-]c1ccsn1\n",
      "[S-]c1ccccc1\n"
     ]
    }
   ],
   "source": [
    "prop_store = benchdb\n",
    "smiles_list = df['molecule'].unique()\n",
    "add_data = []\n",
    "for mol in smiles_list:\n",
    "    print(mol)\n",
    "    try:\n",
    "        item =  prop_store.retrieve(smiles=mol,method='ccsd',basis='aug-cc-pvtz')\n",
    "        record_data = {\n",
    "                \"specification\": 'ccsd-aug-cc-pVTZP',\n",
    "                \"molecule\": mol,\n",
    "                \"tagged_smiles\":item[0].tagged_smiles,\n",
    "                \"basis\": 'aug-cc-pVTZP',\n",
    "                \"conformer_geom\": item[0].conformer,\n",
    "                \"dipole\": item[0].dipole,\n",
    "                \"charges\": item[0].mbis_charges.flatten(),\n",
    "                \"mbis dipoles\": item[0].mbis_dipole.flatten(),\n",
    "                \"mbis quadrupoles\": item[0].mbis_quadropole.flatten(),\n",
    "                \"esp\": item[0].esp_quantity,\n",
    "                \"grid\": item[0].grid_coordinates_quantity,\n",
    "            }\n",
    "        add_data.append(record_data)\n",
    "    except IndexError:\n",
    "        continue\n",
    "df_ccsd = pd.DataFrame(add_data)\n",
    "\n",
    "df = pd.concat([df,df_ccsd], axis=0)\n"
   ]
  },
  {
   "cell_type": "code",
   "execution_count": 109,
   "metadata": {},
   "outputs": [
    {
     "name": "stdout",
     "output_type": "stream",
     "text": [
      "Dictionary of SMILES and conformer geometries has been saved to 'smiles_conformers.pkl'.\n"
     ]
    }
   ],
   "source": [
    "import pandas as pd\n",
    "import pickle\n",
    "\n",
    "if 'molecule' not in df.columns or 'conformer_geom' not in df.columns:\n",
    "    raise ValueError(\"DataFrame must contain 'molecule' and 'conformer_geom' columns.\")\n",
    "\n",
    "df = df.dropna(subset=['molecule', 'conformer_geom'])\n",
    "\n",
    "smiles_conformers_dict = {}\n",
    "\n",
    "grouped = df.groupby('molecule')\n",
    "\n",
    "for smiles, group in grouped:\n",
    "    conformer_geoms = group['conformer_geom'].tolist()\n",
    "    smiles_conformers_dict[smiles] = conformer_geoms\n",
    "\n",
    "# Define the output file path for the pickle file\n",
    "output_file = 'smiles_conformers.pkl'\n",
    "\n",
    "# Save the dictionary to a pickle file\n",
    "with open(output_file, 'wb') as f:\n",
    "    pickle.dump(smiles_conformers_dict, f)\n",
    "\n",
    "print(f\"Dictionary of SMILES and conformer geometries has been saved to '{output_file}'.\")\n"
   ]
  },
  {
   "cell_type": "code",
   "execution_count": 110,
   "metadata": {},
   "outputs": [
    {
     "data": {
      "text/html": [
       "<div>\n",
       "<style scoped>\n",
       "    .dataframe tbody tr th:only-of-type {\n",
       "        vertical-align: middle;\n",
       "    }\n",
       "\n",
       "    .dataframe tbody tr th {\n",
       "        vertical-align: top;\n",
       "    }\n",
       "\n",
       "    .dataframe thead th {\n",
       "        text-align: right;\n",
       "    }\n",
       "</style>\n",
       "<table border=\"1\" class=\"dataframe\">\n",
       "  <thead>\n",
       "    <tr style=\"text-align: right;\">\n",
       "      <th>specification</th>\n",
       "      <th>molecule</th>\n",
       "      <th>B3LYP-6-311G*-ddx-4 COSMO</th>\n",
       "      <th>B3LYP-6-31G*-ddx-4 COSMO</th>\n",
       "      <th>B3LYP-def2-svpd-ddx-4 COSMO</th>\n",
       "      <th>B3LYP-def2-tzvp-ddx-4 COSMO</th>\n",
       "      <th>B3LYP-def2-tzvpd-ddx-4 COSMO</th>\n",
       "      <th>B3LYP-def2-tzvpp-ddx-4 COSMO</th>\n",
       "      <th>B3LYP-def2-tzvppd-ddx-4 COSMO</th>\n",
       "      <th>HF-6-311G*-ddx-4 COSMO</th>\n",
       "      <th>HF-6-31G*-ddx-4 COSMO</th>\n",
       "      <th>...</th>\n",
       "      <th>WB97M-D3BJ-def2-tzvpp-ddx-4 COSMO</th>\n",
       "      <th>WB97M-D3BJ-def2-tzvppd-ddx-4 COSMO</th>\n",
       "      <th>WB97X-D-6-311G*-ddx-4 COSMO</th>\n",
       "      <th>WB97X-D-6-31G*-ddx-4 COSMO</th>\n",
       "      <th>WB97X-D-def2-svpd-ddx-4 COSMO</th>\n",
       "      <th>WB97X-D-def2-tzvp-ddx-4 COSMO</th>\n",
       "      <th>WB97X-D-def2-tzvpd-ddx-4 COSMO</th>\n",
       "      <th>WB97X-D-def2-tzvpp-ddx-4 COSMO</th>\n",
       "      <th>WB97X-D-def2-tzvppd-ddx-4 COSMO</th>\n",
       "      <th>ccsd-aug-cc-pVTZP</th>\n",
       "    </tr>\n",
       "  </thead>\n",
       "  <tbody>\n",
       "    <tr>\n",
       "      <th>0</th>\n",
       "      <td>Brc1cc[nH]c1</td>\n",
       "      <td>[-1.2953943231918856, -0.5252076718872747, -0....</td>\n",
       "      <td>[-1.3118822892410549, -0.5110151770381801, -0....</td>\n",
       "      <td>[-1.2603348337478621, -0.4971843054870426, -0....</td>\n",
       "      <td>[-1.2706383862526422, -0.5051492461239029, -0....</td>\n",
       "      <td>[-1.24649691118924, -0.4906426545635796, -0.13...</td>\n",
       "      <td>[-1.261662481162631, -0.5008752368520035, -0.1...</td>\n",
       "      <td>[-1.2461721466539757, -0.4900746361492061, -0....</td>\n",
       "      <td>[-1.3886944899277864, -0.5438494968748309, -0....</td>\n",
       "      <td>[-1.3983428621718588, -0.5243996013981249, -0....</td>\n",
       "      <td>...</td>\n",
       "      <td>[-1.2739920154524498, -0.5108837101104502, -0....</td>\n",
       "      <td>[-1.260337842416618, -0.5004050087313505, -0.1...</td>\n",
       "      <td>[-1.313044223743077, -0.5348799317732471, -0.1...</td>\n",
       "      <td>[-1.325433384466919, -0.518971197646783, -0.14...</td>\n",
       "      <td>[-1.2913230936453601, -0.5080369146707948, -0....</td>\n",
       "      <td>[-1.296100343016576, -0.5171397170871401, -0.1...</td>\n",
       "      <td>[-1.271358677022647, -0.5038106483895959, -0.1...</td>\n",
       "      <td>[-1.2866187386722174, -0.5117436542837766, -0....</td>\n",
       "      <td>[-1.270006860333325, -0.5022571140716092, -0.1...</td>\n",
       "      <td>[-1.2333162800917705, -0.4930380861029402, -0....</td>\n",
       "    </tr>\n",
